35.8748 52.8893
28.2139 49.7992
101.766 14.0179
37.2103 94.3421
62.3412 26.7765
60.6037 68.9567
12.6874 87.8797
39.1389 78.9618
93.0793 38.8835
78.1512 5.56981
56.2689 3.9495
63.4081 5.93613
17.2065 96.882
97.5872 70.2919
95.7304 1.05893
29.8563 15.1978
103.529 3.78856
34.9903 33.5627
70.936 22.8839
67.7518 97.2281
84.4959 46.5521
75.8575 -2.12623
34.1204 60.999
69.4779 34.2183
99.23 61.0523
58.9202 12.8818
14.4564 24.0863
43.8957 0.502724
11.0174 81.1401
95.013 10.2141
96.3402 49.0077
1.60873 8.04511
22.6782 66.1793
50.4383 27.7791
9.27168 38.2706
2.71329 28.7094
4.06293 89.86
25.0081 29.3964
7.92712 48.8137
6.44951 17.1075
16.0553 6.29872
17.4961 54.3617
68.9774 52.0867
78.0019 40.5108
4.07761 81.3668
26.7013 75.8331
-1.48181 101.339
88.8688 14.5814
67.5788 12.87
86.5671 5.47992
5.69711 104.721
49.8031 99.3069
65.2896 19.1358
23.8443 3.89192
52.129 34.1213
29.0104 58.2919
13.7365 105.444
20.4557 16.2589
87.9422 56.4681
50.8361 9.50234
52.1046 63.053
72.5594 71.88
10.146 95.1379
71.1728 7.14932
29.9426 69.4325
82.3115 76.8234
15.1554 72.7576
87.5666 88.0649
69.7611 1.52132
40.5103 47.1071
82.868 30.417
55.5978 86.5698
36.8057 25.8845
80.1225 93.7597
0.808168 54.241
97.684 28.9107
92.2693 99.2164
-0.758036 41.694
77.6695 60.3756
70.0021 85.1184
27.5851 39.6648
8.65704 65.019
93.7548 22.5486
47.7968 73.753
21.0412 89.9133
26.097 98.377
39.4373 9.76273
58.2429 43.9833
49.3149 42.2846
78.7396 15.2026
30.6949 83.5653
63.8448 -6.85043
44.235 56.9401
55.1606 18.6311
45.5437 16.2577
44.2491 33.3582
98.8667 85.7498
18.1832 43.5745
53.6081 54.5182
38.1832 68.4758
73
71
60
23
59
53
30
15
23
69
10
40
7
58
67
63
17
77
57
29
43
55
24
96
85
97
22
15
26
71
62
73
36
56
30
51
44
92
30
72
70
83
67
68
61
17
55
15
65
77
70
97
38
65
33
59
21
58
6
73
56
40
36
64
93
47
19
38
29
69
58
5
34
5
19
67
54
93
74
94
2
77
73
95
97
77
57
9
31
5
5
82
7
13
79
82
24
65
20
81
29
68
30
95
7
27
74
77
75
44
68
37
10
38
48
77
61
55
64
66
31
19
6
73
39
96
32
45
72
19
33
39
20
39
1
8
60
68
2
5
72
31
93
42
19
5
65
29
47
77
97
5
77
57
0
51
70
55
22
71
65
67
84
12
34
68
52
62
39
77
79
38
19
43
30
80
33
78
84
67
66
98
0
46
70
38
78
60
60
68
98
38
68
80
48
51
84
7
24
7
63
8
58
95
83
38
65
76
29
73
46
26
5
96
65
44
31
77
71
70
93
60
93
39
59
54
95
11
61
71
87
62
12
96
44
96
17
92
5
25
51
11
70
29
20
41
28
26
46
69
71
64
65
11
95
39
41
96
14
69
79
60
19
95
70
55
5
90
98
88
85
64
4
77
58
64
5
93
88
5
35
16
12
52
78
6
76
65
47
22
19
76
24
60
43
38
96
92
64
24
39
64
99
89
3
33
85
7
52
60
60
50
97
74
34
84
1
26
83
5
65
35
1
18
23
49
54
30
81
96
38
19
37
98
23
17
82
92
54
47
45
38
9
55
43
66
33
71
88
67
65
93
51
42
87
91
57
65
64
81
20
77
44
3
13
48
86
65
57
87
23
92
60
19
34
64
99
0
14
79
64
3
57
98
68
71
51
61
53
57
15
85
65
97
42
65
23
68
62
39
54
97
34
31
97
95
54
24
22
31
42
61
32
30
42
74
77
3
31
6
62
18
92
41
86
7
41
38
32
98
43
6
33
7
95
52
47
78
35
77
26
5
24
26
32
59
86
86
80
25
59
61
0
65
97
53
34
18
61
36
39
52
30
83
59
57
3
81
3
58
51
37
47
73
79
49
4
99
23
67
60
64
73
62
43
96
37
43
13
55
5
14
58
86
52
22
61
26
9
10
39
66
2
64
36
0
96
97
74
19
88
37
78
86
71
25
6
15
28
65
98
88
81
68
98
58
52
10
80
86
75
81
54
17
62
3
98
76
75
3
97
19
96
69
67
28
31
1
64
62
79
76
43
87
74
75
96
95
17
14
18
95
75
56
48
69
30
81
20
66
93
39
12
96
96
92
28
67
24
8
16
70
96
59
57
60
81
55
74
72
20
33
91
67
74
0
85
45
70
19
71
26
18
33
81
97
42
11
53
5
75
43
65
39
23
83
66
78
66
70
49
50
55
71
22
73
44
19
84
62
28
59
88
72
96
0
83
81
6
95
59
71
85
25
52
1
8
30
39
40
4
12
40
87
55
17
32
5
28
0
58
3
40
41
48
23
67
38
38
28
12
34
48
91
61
26
5
87
71
8
1
25
2
34
5
86
8
97
12
71
34
3
4
41
11
41
80
60
71
75
6
21
59
33
1
66
51
75
98
4
29
81
24
28
7
12
62
18
35
48
70
41
0
92
65
15
29
17
22
92
12
44
76
46
95
9
0
75
24
84
86
40
23
98
95
60
17
5
46
43
87
97
47
76
90
34
70
62
77
22
3
5
31
68
50
1
65
0
6
76
79
59
52
47
33
19
40
44
1
57
88
54
41
81
78
67
8
13
13
82
71
23
3
65
8
85
43
71
34
41
55
35
23
60
92
26
96
7
64
71
81
45
75
71
45
20
44
71
15
70
51
78
61
12
8
80
69
13
75
66
40
39
92
59
84
63
14
78
19
83
87
24
1
99
8
25
25
32
22
34
30
65
14
76
31
22
83
61
87
96
7
1
94
65
12
37
40
59
15
33
42
68
95
58
78
62
73
1
0
44
94
99
83
93
94
4
20
0
15
28
3
5
89
99
15
44
71
75
36
62
3
96
68
86
64
98
77
87
54
7
35
41
44
12
8
79
26
83
97
56
67
90
40
96
22
42
78
69
43
68
97
71
66
69
19
99
54
22
77
74
81
23
1
65
23
26
15
78
30
76
39
28
59
46
97
62
5
77
52
34
43
93
59
84
9
60
75
64
46
8
60
76
1
82
10
8
25
71
90
7
67
93
66
96
11
61
75
8
65
61
76
8
22
5
35
65
12
0
13
5
41
78
95
67
8
74
43
88
48
49
43
93
34
55
5
63
64
57
54
95
77
24
78
33
5
8
52
90
23
34
13
76
13
65
0
19
6
34
23
70
73
9
67
7
41
20
61
23
35
76
7
99
25
60
13
82
67
65
48
24
68
69
23
6
62
8
2
3
97
38
5
89
83
72
77
90
36
17
48
12
51
36
22
57
83
21
72
67
13
52
60
77
5
7
39
96
78
46
38
79
87
32
36
51
6
22
66
60
81
81
20
85
88
57
19
13
52
57
5
78
73
72
67
13
0
44
97
60
34
54
93
62
95
74
62
36
13
40
39
54
90
73
34
28
49
26
64
22
75
44
86
35
36
68
55
53
57
29
57
55
83
56
8
57
64
92
3
36
45
31
15
54
7
15
17
53
30
61
94
38
9
70
55
77
20
74
36
66
34
65
72
65
6
11
83
10
76
52
38
76
11
17
23
96
98
39
35
93
84
58
71
68
54
18
94
30
67
66
17
3
64
23
96
55
36
10
24
34
32
26
69
38
93
24
5
88
27
60
3
57
50
52
73
18
18
65
74
94
77
31
10
56
13
88
29
35
73
96
57
41
51
30
38
54
70
46
33
37
96
2
11
39
71
93
65
34
99
70
71
60
88
93
86
65
6
67
97
7
88
22
41
40
19
59
68
8
6
53
34
54
43
37
23
87
66
55
58
35
82
8
86
42
0
23
77
13
12
66
29
85
64
71
65
85
66
26
33
90
87
70
29
66
89
55
4
3
65
99
30
77
5
32
28
56
76
23
99
18
70
40
65
31
17
23
34
75
34
39
79
74
4
41
67
91
62
34
61
6
59
34
7
55
64
96
20
74
92
59
5
77
41
45
45
22
74
18
7
58
46
81
36
66
58
74
19
6
8
1
34
42
0
28
55
83
5
40
25
48
99
71
6
5
69
12
31
35
26
66
36
24
99
20
86
34
30
44
36
30
36
45
41
69
70
41
5
68
84
42
61
57
82
72
25
3
65
44
71
12
8
71
44
66
19
29
97
53
30
23
3
53
64
38
19
39
94
90
49
55
42
70
50
85
14
39
98
22
77
50
8
33
54
56
40
85
67
21
22
66
65
29
68
37
60
12
62
78
25
67
7
30
58
41
44
39
52
33
5
88
19
94
19
54
71
45
52
84
24
65
58
47
27
61
57
55
95
74
34
5
71
84
41
69
40
22
78
69
65
31
83
10
23
67
80
13
80
13
20
74
13
38
73
43
64
84
54
65
82
1
61
67
36
13
97
22
39
78
17
8
15
15
5
69
44
88
86
55
32
96
77
21
9
67
22
7
55
61
67
53
88
10
53
77
25
92
30
93
51
71
76
48
62
61
73
67
73
14
21
58
71
84
32
39
29
83
55
83
74
65
34
66
33
22
59
5
6
34
27
1
26
73
66
60
65
88
45
11
55
64
41
94
22
44
90
65
93
96
8
42
1
70
45
80
49
36
38
86
71
5
7
26
30
20
7
37
99
61
7
20
54
51
84
50
73
51
6
40
19
9
15
8
70
48
20
15
96
77
78
20
11
82
90
28
17
4
34
11
34
32
3
31
58
38
8
33
20
92
13
84
73
33
88
34
51
29
27
15
42
70
39
62
94
91
63
44
54
60
70
27
1
74
23
43
53
5
64
97
59
82
51
48
48
65
58
59
23
84
34
90
18
41
64
86
51
65
74
57
55
69
61
34
39
16
3
95
31
5
48
33
12
48
95
65
5
84
88
34
78
17
15
35
80
78
8
71
25
34
19
29
82
85
33
76
24
5
66
51
5
41
89
18
12
98
64
24
70
27
4
19
61
53
84
7
12
11
87
30
11
40
18
60
61
60
59
64
17
73
38
67
51
96
94
76
30
84
58
71
69
40
12
23
67
74
3
34
83
65
50
12
40
86
84
17
93
41
3
83
41
51
70
34
82
65
75
90
7
67
17
74
20
74
93
61
24
7
88
88
56
36
34
75
51
67
47
96
12
82
82
91
85
54
42
86
40
24
30
71
15
24
15
96
12
53
85
17
78
17
93
63
77
18
29
5
34
11
39
66
5
11
66
80
86
74
32
93
26
43
73
58
6
23
24
41
41
67
34
1
53
39
23
51
81
15
31
6
1
47
8
82
46
78
3
34
62
34
94
44
70
88
57
99
18
54
75
73
45
38
44
77
78
73
49
35
5
41
14
97
28
68
83
83
80
41
81
99
53
55
91
79
65
72
59
30
33
92
27
90
71
60
60
81
41
32
83
80
4
33
51
19
94
22
91
25
61
78
68
97
34
11
75
69
29
73
39
40
55
4
40
53
52
78
67
45
88
41
68
1
54
13
5
83
85
92
23
71
60
13
72
92
61
63
74
77
84
27
72
23
80
60
8
73
45
80
2
17
96
65
11
50
94
31
6
15
2
60
38
64
91
95
96
48
75
46
65
55
66
95
92
3
78
40
18
90
73
33
20
99
24
34
54
44
43
20
53
34
65
32
36
84
59
39
34
51
11
2
96
73
77
44
6
24
8
34
59
20
95
26
31
57
51
55
29
19
38
30
10
63
3
55
55
39
34
94
76
13
1
86
65
49
63
29
41
90
78
9
99
85
68
55
4
13
24
75
88
70
60
30
48
0
42
65
46
63
71
96
72
45
27
86
45
51
94
30
95
83
82
98
38
71
36
70
34
41
60
64
80
25
90
59
70
63
42
56
45
27
90
2
74
25
39
42
54
43
13
6
15
66
34
60
0
12
74
71
65
63
92
44
14
79
64
26
28
10
90
6
64
89
42
63
65
38
27
54
36
79
30
41
38
95
17
75
41
34
4
38
80
65
7
21
95
21
23
11
65
33
6
33
82
0
11
75
65
54
19
30
93
43
35
74
65
65
56
39
10
70
98
24
42
98
20
4
34
93
5
28
84
70
43
55
59
83
4
6
95
48
5
48
50
95
63
48
43
98
80
42
84
18
50
2
15
20
52
18
34
65
62
66
83
11
25
14
74
35
93
15
77
60
26
22
76
36
49
29
51
75
33
44
80
66
97
70
38
39
53
26
80
5
6
94
0
56
10
11
38
30
65
45
71
65
17
65
30
67
79
61
44
99
44
12
51
12
44
88
87
1
81
67
45
79
23
46
68
61
3
99
65
1
99
87
5
48
72
20
58
37
47
20
13
71
1
57
36
72
5
68
2
39
15
71
28
36
78
61
21
19
30
61
61
88
55
36
85
74
58
7
66
34
40
0
69
5
31
82
78
80
6
30
98
96
93
30
6
82
21
48
73
44
66
76
3
23
65
62
46
70
31
71
8
90
92
80
52
34
3
73
5
17
11
18
70
5
48
28
70
92
32
96
22
48
11
55
62
85
34
58
27
6
33
19
60
96
20
92
12
94
7
87
96
23
86
53
60
56
24
63
40
42
77
56
33
76
84
6
4
26
80
90
70
40
43
11
6
77
57
39
74
78
0
93
7
65
4
32
26
28
88
48
60
5
31
61
38
37
38
23
72
66
29
89
74
37
75
77
4
67
13
3
37
55
59
12
65
33
30
85
18
51
20
65
43
93
85
41
64
67
56
85
34
27
90
62
28
71
47
83
3
93
66
88
60
72
82
93
88
65
65
0
64
13
67
35
32
41
14
39
67
61
65
76
71
82
17
13
51
3
74
84
75
29
84
99
65
55
53
90
17
67
77
38
44
96
65
77
64
57
39
85
1
70
1
28
95
53
16
54
20
58
35
23
94
45
88
1
65
7
88
9
43
66
10
34
1
69
57
52
40
84
92
36
25
35
3
92
76
1
25
52
33
85
80
6
82
70
48
23
81
34
60
95
93
18
64
81
83
60
75
4
48
97
1
34
85
5
51
46
70
52
10
5
33
75
0
81
11
83
71
42
84
7
49
64
26
52
97
60
55
32
37
51
22
7
37
51
48
53
78
52
12
28
34
57
3
49
6
47
26
70
77
67
59
22
88
85
18
49
26
94
62
62
78
39
71
51
26
83
79
44
32
50
19
72
33
23
5
83
59
51
23
84
69
65
87
28
28
70
73
49
30
72
73
73
48
95
10
44
48
28
28
51
52
30
8
6
22
8
31
66
48
71
88
53
52
4
91
95
84
40
73
6
77
34
86
76
56
71
80
96
89
37
5
39
58
44
32
31
72
67
31
98
34
67
11
85
15
7
69
88
73
62
34
25
51
23
19
5
20
75
23
44
76
78
59
73
19
5
32
76
77
58
9
99
72
47
65
47
42
1
39
75
22
83
24
22
25
60
45
92
41
48
88
96
53
38
74
79
43
5
38
80
12
41
94
13
74
71
76
95
86
30
28
38
78
61
97
69
84
19
22
52
22
24
5
22
34
26
79
5
66
9
28
20
41
68
77
27
40
7
80
70
43
3
51
53
0
47
50
82
28
70
15
88
81
85
25
51
39
44
45
44
65
34
96
78
45
76
67
82
97
87
61
13
67
88
8
12
4
8
72
67
78
70
90
27
70
65
51
95
61
20
28
7
25
49
34
40
4
13
69
81
58
51
74
12
8
95
33
47
39
73
35
65
70
0
33
57
5
35
76
7
1
25
35
52
53
59
43
74
4
64
97
68
30
28
97
81
67
65
79
9
28
65
37
50
93
73
74
47
64
66
57
14
41
71
54
69
23
76
30
36
53
52
61
39
80
18
7
28
60
64
45
30
31
52
23
83
76
13
41
17
37
3
66
94
55
38
67
78
54
5
39
92
60
56
80
24
5
36
3
54
94
53
36
12
22
93
12
56
17
97
51
98
31
81
75
35
68
71
86
74
55
62
52
34
21
98
54
30
65
0
98
73
93
88
73
53
53
9
7
56
37
56
2
13
53
70
59
22
91
65
4
95
84
55
6
43
43
9
38
83
16
57
38
19
5
93
71
33
83
33
5
52
73
36
37
3
65
70
65
76
71
3
23
70
38
78
76
74
60
45
60
64
13
96
65
80
57
83
64
83
78
67
18
85
28
5
11
64
20
82
62
71
47
79
42
38
70
35
52
25
53
24
39
79
5
48
96
27
36
71
78
19
23
71
73
97
89
69
18
28
34
28
89
52
67
61
39
83
97
44
22
30
54
84
19
31
98
51
9
41
29
20
66
67
2
38
70
51
1
55
80
93
34
64
72
45
93
19
38
64
65
6
67
39
77
39
60
43
82
1
80
34
17
6
13
64
66
88
48
69
53
17
93
24
85
32
79
62
8
37
84
73
70
19
11
4
18
60
83
22
47
7
37
62
19
19
65
53
70
66
71
36
65
19
1
77
32
28
83
48
11
3
63
39
17
19
43
10
40
85
20
77
56
34
77
79
61
74
71
98
63
72
71
43
32
84
29
38
45
65
45
33
51
78
20
74
61
57
52
97
67
24
69
67
71
59
93
96
85
55
10
38
28
3
34
41
23
64
71
85
28
84
48
43
56
19
55
21
17
37
38
31
74
5
40
55
84
56
7
62
31
51
96
83
6
52
8
50
75
27
96
88
7
82
3
17
83
97
98
96
99
85
25
93
35
64
33
47
71
1
58
63
47
52
68
9
41
39
8
96
20
54
55
74
3
69
45
88
75
30
76
87
55
33
22
52
14
78
78
42
64
81
81
52
12
93
38
52
61
54
66
35
29
33
47
8
29
53
12
25
7
5
54
66
74
66
20
83
25
61
44
38
55
59
7
15
5
8
5
66
65
30
19
69
15
58
2
40
0
65
88
11
18
71
66
63
74
96
12
39
45
77
47
59
61
94
48
13
90
12
34
81
68
3
25
82
98
20
57
73
72
96
82
65
74
28
36
4
67
74
69
57
76
86
60
64
44
87
1
94
54
5
81
38
54
95
53
52
88
6
18
22
51
86
84
84
23
73
4
63
8
59
33
78
39
78
9
71
28
59
18
32
96
76
80
27
52
81
23
53
12
95
3
2
20
29
97
75
61
39
22
35
66
6
93
30
87
44
40
24
7
85
81
55
87
38
78
35
53
34
3
61
16
77
25
0
98
92
15
82
64
10
59
5
63
53
37
23
82
45
69
82
56
20
83
1
83
3
95
24
20
76
0
24
69
41
13
43
6
23
54
84
52
24
18
17
93
80
36
81
12
97
6
44
58
61
96
39
28
53
75
96
26
80
65
71
1
96
25
60
0
48
28
24
80
50
81
89
15
86
71
9
19
10
0
52
12
12
39
0
87
98
5
12
96
75
84
22
15
25
34
17
27
3
71
15
94
31
12
27
93
23
6
38
16
59
28
13
24
74
86
93
86
94
64
25
44
67
0
79
11
52
29
58
41
73
0
45
18
78
78
95
61
42
39
41
8
89
6
71
55
67
52
8
28
77
15
93
4
87
17
23
74
70
89
66
64
13
38
4
75
34
95
83
35
36
90
37
84
77
59
22
65
8
6
79
42
82
65
55
92
52
19
23
60
72
93
72
65
17
1
96
45
52
95
77
82
77
29
81
49
41
59
39
67
65
26
25
39
65
17
3
85
39
9
70
59
82
38
80
32
51
43
25
90
31
38
18
53
34
34
36
70
18
5
94
19
5
46
0
5
94
93
34
81
80
69
6
70
4
92
55
87
41
65
8
98
76
22
28
69
73
95
3
1
51
75
5
49
67
90
19
45
24
3
11
56
4
20
56
92
3
38
28
84
84
45
39
87
22
83
77
41
95
67
38
6
81
96
22
37
28
74
50
17
12
30
81
44
30
19
13
86
67
93
5
6
23
60
0
10
20
40
15
23
95
23
80
80
5
66
73
5
15
34
40
71
71
63
70
92
61
96
56
51
19
22
54
54
20
41
15
3
24
19
26
78
20
33
83
65
63
29
5
18
34
55
5
88
75
66
38
97
77
28
83
70
69
66
86
81
76
37
25
71
96
40
35
62
84
65
7
92
31
20
95
20
24
7
24
69
19
35
63
17
96
11
97
32
13
29
40
17
65
20
24
17
65
27
38
26
42
19
5
58
61
54
19
13
65
44
39
5
45
77
70
42
31
54
99
26
59
44
22
57
31
12
29
25
40
39
10
32
83
8
74
5
9
84
88
60
5
44
91
99
96
36
26
81
88
13
80
71
27
80
61
24
55
81
24
25
61
25
78
38
53
13
72
5
84
44
24
5
35
36
31
39
17
83
1
65
70
36
41
78
72
75
82
42
70
25
3
52
22
89
34
71
48
28
1
63
20
80
6
67
34
43
70
53
28
65
97
34
22
63
0
97
86
10
27
89
93
96
64
28
18
71
52
29
25
80
66
6
6
38
71
48
37
22
53
7
94
65
93
97
59
53
7
19
62
44
56
64
39
23
69
20
74
60
64
42
67
57
1
75
23
54
61
86
54
5
19
19
15
23
67
48
30
86
3
95
57
42
71
60
20
27
86
89
65
60
10
72
54
76
68
4
4
42
23
25
63
79
68
42
31
16
97
24
63
13
71
17
97
23
81
19
30
1
85
97
29
19
51
69
41
98
20
17
84
13
93
6
57
21
89
55
5
91
25
22
5
73
85
93
9
54
57
18
96
97
0
96
62
65
1
49
11
45
0
61
65
71
67
34
13
81
94
4
70
23
54
17
57
61
55
40
14
65
65
45
83
93
90
20
67
40
81
7
37
75
5
25
1
51
36
95
36
47
8
82
41
20
22
64
26
20
73
80
95
19
72
1
53
13
0
67
97
34
7
53
4
87
6
13
40
8
63
73
77
61
30
81
5
70
22
54
15
70
4
8
3
3
39
63
9
70
42
71
18
88
69
30
54
22
12
74
25
19
74
9
18
47
64
66
10
98
86
37
71
99
74
18
65
50
94
1
13
94
15
18
70
56
7
55
74
19
72
60
71
22
93
96
14
2
12
71
96
41
91
74
22
2
43
7
29
39
62
92
73
57
76
73
51
8
85
70
81
50
99
72
45
67
36
45
29
99
61
47
84
28
75
97
33
82
59
51
26
35
65
86
20
6
3
25
53
99
32
83
34
12
36
28
81
31
0
59
35
7
83
12
71
40
99
61
93
30
96
17
59
66
42
49
52
71
9
72
38
58
5
7
79
47
0
74
31
45
97
92
63
47
98
36
25
30
22
10
34
91
34
4
7
27
28
5
59
44
36
7
96
25
87
22
18
67
83
23
36
1
59
85
11
70
51
76
85
1
61
30
78
20
17
39
30
23
5
51
4
37
83
8
34
97
23
57
40
26
28
86
5
77
29
5
74
81
52
50
92
4
18
64
68
7
7
18
83
8
4
8
64
94
82
19
57
17
43
40
57
26
54
47
9
42
45
6
33
98
20
60
73
36
14
55
75
81
60
63
65
65
20
34
14
10
74
82
71
44
78
80
70
3
18
75
63
22
71
74
57
48
95
45
86
20
40
58
98
3
44
67
68
55
67
74
73
37
33
4
70
36
65
0
49
57
25
96
5
51
65
78
35
51
34
67
47
3
33
80
40
73
97
8
3
13
32
59
58
56
6
70
61
7
28
61
43
8
24
40
73
29
93
28
23
7
64
73
77
81
37
53
0
90
0
57
36
98
84
26
73
94
13
90
23
12
41
55
28
40
76
75
39
83
76
19
67
35
61
66
78
54
52
14
65
11
15
55
79
62
34
86
88
96
42
27
11
62
38
33
78
65
41
34
19
80
63
35
65
82
34
64
53
6
41
46
34
60
66
98
85
17
55
28
93
73
5
79
44
56
74
98
1
61
68
9
89
38
34
39
7
29
48
18
69
34
60
76
49
37
36
22
34
32
98
10
84
93
94
31
70
69
92
24
25
83
3
25
35
88
83
75
30
60
98
96
54
79
10
65
85
79
6
12
46
86
58
53
35
1
41
71
87
66
7
61
64
5
43
34
87
53
96
64
54
70
34
8
53
24
92
51
84
85
96
57
59
27
93
3
26
6
71
99
23
69
3
3
73
70
33
52
74
54
90
8
20
41
98
72
35
76
7
92
56
2
34
79
65
89
59
65
7
22
23
68
97
90
80
74
95
93
82
73
51
77
98
52
96
81
2
96
54
73
31
