33.2794 52.5869
38.1917 97.7857
60.3253 84.6344
49.7002 50.888
81.184 65.4252
45.9801 66.3501
75.7268 67.2412
54.7812 64.2661
98.0429 29.8275
53.8385 52.257
6.34502 7.20112
23.7927 28.8134
56.3258 8.15977
91.3677 7.23312
97.7426 15.9546
57.4413 44.3872
33.2157 63.2252
66.0688 88.5819
7.64389 100.047
86.7056 44.2077
92.8897 16.6347
38.5603 89.697
96.8008 40.4581
12.5294 40.5097
55.8723 54.4465
27.1691 54.8758
40.9733 30.2758
85.2075 65.5195
61.2121 42.0118
23.7843 65.6315
98.8056 8.49545
34.7793 60.9199
46.03 47.8689
5.57086 61.6643
7.36677 51.5163
65.3275 25.5903
-0.427687 41.1612
67.2326 63.4463
109.382 51.5896
42.0382 44.2609
106.633 85.5293
32.6572 66.3139
70.1869 24.0733
103.005 76.2461
67.5415 91.2151
38.574 44.0416
73.9267 29.6255
47.109 29.7724
33.7537 24.7572
65.5534 -0.392132
60.3922 37.9246
52.9392 34.6427
61.417 73.4878
84.8349 98.7758
35.4259 36.2142
27.1814 22.4692
67.9135 85.2237
92.0332 62.9122
74.0898 41.1573
76.551 57.039
38.889 47.5863
45.9654 73.4322
19.3604 28.7078
46.8703 83.425
103.808 63.3695
3.986 70.2014
20.263 62.2479
18.8148 77.4437
37.4377 31.2489
39.0335 20.7504
71.2086 91.2799
18.3605 19.4662
51.5772 82.6295
70.997 78.7582
47.263 37.7237
47.0836 87.2433
40.3262 80.6547
54.8399 96.2109
70.8285 28.1959
59.0586 59.5024
42.7508 84.3877
64.322 64.5662
21.3262 36.3677
28.8817 92.1013
88.0784 74.4354
21.7201 85.676
16.0904 48.5652
63.3427 92.1215
7.13285 21.6965
37.4391 67.6402
52.4448 8.64266
41.1291 8.24504
16.1875 24.7228
9.89076 70.5365
55.6805 3.55354
37.5947 76.5554
23.9179 75.0358
30.138 82.3784
83.3677 73.3388
11.29 15.7492
72.3341 -4.17904
21.4521 41.7518
40.8559 32.8586
-3.22628 7.99474
17.0669 59.6706
81.251 60.0231
65.6706 43.2626
25.577 38.8941
94.7651 58.6805
-1.94324 64.2512
51.0577 68.6549
50.1052 99.3283
12.6333 28.8869
100.881 41.3153
50.8106 27.1505
30.6659 13.4042
27.1888 1.92364
51.3762 40.4503
42.593 64.8666
5.63766 92.9158
1.66621 77.8418
45.2287 87.0207
96.9851 62.6446
69.8765 101.886
61.9906 88.9506
59.0783 78.2203
15.1098 100.859
10.2803 19.6796
10.449 46.2214
44.8189 76.5101
35.0164 28.6382
25.8799 90.7786
33.8483 18.5169
42.3581 28.7149
90.5657 66.4221
27.0015 14.9451
10.5784 8.6222
84.7498 4.75251
46.6522 42.888
30.3609 61.0366
72.1478 3.36479
77.9915 42.5308
56.2855 18.5613
49.0663 70.6443
54.7283 13.3942
73.7234 70.5813
86.7419 59.1612
12.3613 6.25593
78.5231 69.1958
50.9196 78.1221
90.3373 56.4917
64.5456 98.2357
75.0539 93.4408
64.2207 3.97483
16.3278 92.4404
4.0212 30.0802
41.1964 15.3551
86.9952 17.9431
42.4478 54.5212
62.319 60.8654
76.4977 31.5682
39.7669 86.3864
41.9834 77.0481
68.4102 7.42567
95.7295 68.6269
48.0327 57.5566
36.9383 64.2489
10.064 75.9472
12.0647 11.0936
32.3632 89.8565
16.7083 63.9517
86.702 69.3474
92.3728 27.8562
85.8433 56.099
36.1083 22.4143
78.912 1.3148
3.49082 14.6084
55.4948 38.1771
54.6346 44.2707
82.7366 77.7563
96.7272 90.521
38.1676 56.8978
91.6323 48.7776
114.365 8.22923
0.422594 22.1695
24.6886 18.731
34.1201 0.555325
78.9803 75.3335
33.7161 15.5656
68.9274 18.6953
44.2756 -7.23737
61.7725 67.8046
0.880591 28.1447
76.5347 46.5034
13.8668 67.6894
91.0718 87.4551
58.5916 70.9433
27.6326 48.3814
21.1157 67.5734
38.863 25.8876
49.5221 65.5916
35.2045 11.5887
47.2404 53.7705
84.2348 35.0593
8.22898 16.0833
18.7297 -6.00546
63.1753 80.9193
25.2264 81.4251
-2.35 16.3658
40.44 92.4975
92.5518 53.7742
96.0831 2.72725
17.6584 41.7011
66.1071 68.0366
48.835 47.5659
58.1589 93.3688
8.77268 11.541
1.28821 2.9503
28.3059 29.7102
22.8463 60.7139
22.3497 8.15135
82.2609 57.101
38.5181 34.1525
19.6808 53.8339
61.1479 44.8377
15.8027 -0.350086
10.524 3.92247
71.6527 33.5122
42.807 23.5304
46.4663 17.2919
35.9946 49.8003
68.4571 95.3678
84.14 30.9787
41.1008 37.0851
3.81668 57.9747
68.8078 59.4306
64.3486 71.9525
42.2533 88.7721
47.3473 76.1926
98.0269 -3.64582
20.3433 46.6233
29.6119 18.3048
24.3508 32.9798
99.5245 36.5939
35.4938 72.7785
53.6228 72.7702
70.2304 40.4912
59.5051 23.9481
11.6188 94.9088
23.6303 69.6835
79.9984 82.3781
28.2411 63.9614
24.2412 10.4593
72.9302 46.4537
87.9074 78.6406
41.8816 68.6987
61.2927 56.2016
27.3695 11.3302
94.6254 36.6932
69.597 44.4957
51.5661 46.1797
21.0093 11.5805
58.4672 51.7459
32.1306 77.3816
3.59965 18.5535
96.0804 51.8725
90.0836 60.2976
55.3133 98.8535
38.4379 83.137
45.0018 91.3633
43.82 98.3666
19.6456 81.1373
35.8246 93.1384
74.2355 7.59565
48.6475 5.27585
64.9065 37.7
83.8998 52.957
67.0227 32.7996
70.9078 67.536
69.9707 13.3102
5.68519 13.3023
23.8736 51.1681
55.1147 48.6571
41.9983 40.6736
105.918 24.0786
73.7733 86.0545
11.2125 87.6718
18.8604 14.207
81.6803 92.0073
51.5448 54.1542
81.7358 17.5917
91.4671 32.3194
-4.25939 89.777
74.066 18.9544
22.778 14.1618
67.602 80.3188
65.4831 58.622
24.9841 62.8746
39.017 53.9634
60.7137 95.4527
92.3919 71.5699
5.82939 36.2115
57.1497 74.2798
-0.204481 96.8076
28.5276 58.4339
44.4885 3.00188
86.8738 23.0071
33.9632 45.843
16.3506 84.8059
16.0539 13.8423
20.1967 24.1356
85.8234 91.9587
18.0677 4.17365
70.5066 74.9919
88.4005 90.6075
87.9443 31.4426
89.9134 97.1576
96.7599 21.7389
9.53341 26.497
27.1824 73.0958
24.8541 44.4242
68.1815 72.7344
31.7418 70.4868
63.3606 47.5096
75.2657 74.9182
0.13506 53.9472
72.7107 96.8773
53.792 77.0003
56.0196 57.5138
13.2819 33.7697
13.2301 22.6609
48.5368 80.0053
29.8032 -8.42153
85.8969 27.131
64.1412 9.8876
52.202 61.3115
27.9149 67.8648
99.515 72.4502
29.6889 97.4555
63.0097 33.1494
47.3597 61.6373
64.8771 14.5471
38.0002 16.1219
45.2578 70.2652
59.404 99.0472
39.9185 2.37806
13.7023 18.1946
100.146 57.5831
44.4836 34.7519
74.9083 51.2456
58.459 66.095
53.7461 89.9435
63.5694 85.2859
76.0872 36.9767
2.83243 9.74184
3.91735 46.7468
35.2598 58.0947
68.2456 46.3142
43.9096 57.8463
32.1351 56.9229
28.1815 87.0844
37.3147 40.3228
33.7761 83.9022
12.7478 81.6084
94.1141 76.7979
50.9967 74.3782
28.9256 43.1035
13.1683 52.7002
94.8309 45.4714
54.0807 92.6956
57.6124 89.9226
92.5698 92.0254
31.0928 50.548
15.4994 45.1108
42.696 19.4671
76.052 80.3874
61.4062 28.9126
91.5476 40.343
32.8837 39.6663
52.7517 66.0022
43.7563 12.8805
49.1078 93.8604
40.846 72.5126
25.0409 6.36467
20.8892 97.027
69.3142 37.1811
56.0589 82.2812
66.7192 29.018
57.0033 29.9326
18.4501 8.16177
54.3211 23.2744
77.6305 24.9069
72.3015 62.5155
18.2724 69.7272
79.6662 36.3102
87.6571 -1.10874
14.8902 7.43188
35.5439 88.7429
86.3562 49.225
86.1809 83.8347
75.8299 13.7125
77.1336 90.9329
81.0105 95.8298
6.98034 42.5069
43.575 62.1746
21.9774 0.0166715
61.0582 18.4097
19.1058 57.6029
58.1058 62.4468
4.69446 -5.34393
16.235 37.0225
51.4257 0.821086
12.5306 62.231
52.519 86.7557
38.6432 50.4473
30.9166 21.6092
96.9763 96.1064
78.1977 99.2819
70.5834 49.2404
63.3834 104.596
60.2694 6.9776
80.238 8.65826
49.4902 88.4522
9.84842 57.634
59.4182 12.2631
4.70817 25.3614
44.6082 82.6573
55.1012 60.1823
79.9886 32.0937
40.3988 62.737
20.324 64.6045
41.0297 59.7366
88.2332 52.9265
93.0256 82.5485
91.8165 22.6502
8.77949 65.7721
79.2554 107.331
83.8787 38.863
15.0395 10.3247
14.1087 2.7312
80.3571 87.2998
88.2602 37.4343
50.9413 17.417
36.1165 5.99975
32.4062 32.6693
57.8233 34.338
76.6391 62.0381
43.3166 47.3782
99.3775 84.035
95.0639 32.971
61.7482 64.9561
66.4186 51.6303
28.6383 78.8535
56.2417 86.9547
6.84049 81.4858
36.3565 80.2715
52.3221 57.0841
35.4784 54.8064
64.7591 21.833
6.81435 1.10794
21.5415 4.26006
62.35 51.656
21.36 91.2183
37.5974 60.5885
30.6901 8.07376
55.0713 68.8933
80.1418 54.1294
95.463 12.3908
43.5139 79.8107
15.3067 74.286
42.403 50.9573
29.8963 105.148
8.67803 32.4989
21.9975 19.8316
47.7908 22.7254
100.498 47.2174
3.35726 86.7092
13.7061 57.4442
17.148 32.1987
29.7468 26.4495
80.8111 49.5699
54.7783 105.034
26.0319 25.9494
-5.43558 28.5499
91.2628 101.568
-1.70531 48.8069
85.597 62.5643
70.2591 54.5244
71.8462 82.8496
64.6993 75.9703
22.927 56.8682
89.3406 11.8705
80.1221 39.8356
46.2462 8.85124
81.6291 43.6124
49.6741 12.1296
28.3083 35.6015
58.8285 -0.948323
98.3065 102.691
85.8912 10.5167
219
166
116
433
168
265
364
27
208
250
153
229
42
257
34
219
244
345
136
189
107
341
458
90
318
421
179
161
1
276
378
229
32
364
213
395
492
166
194
128
327
84
130
98
459
69
142
81
266
446
267
460
262
445
235
146
287
329
319
55
278
470
305
326
129
94
229
285
447
214
178
204
96
304
107
357
151
46
256
95
364
458
346
220
156
272
268
207
301
174
320
302
475
199
180
383
215
309
337
212
300
312
490
10
270
90
27
404
274
90
31
265
398
367
143
316
30
289
62
22
256
107
43
417
316
472
123
410
353
218
237
493
374
255
179
81
495
198
141
478
445
67
93
45
66
450
444
142
335
424
299
163
172
375
200
92
187
242
82
403
55
42
130
455
360
240
313
65
97
1
251
145
279
35
299
21
120
458
319
343
368
53
4
325
6
320
48
452
498
200
47
329
389
15
350
493
151
155
220
299
458
464
154
389
324
252
406
301
62
378
147
265
308
359
310
126
240
228
127
174
398
117
136
171
45
374
246
465
490
37
337
44
287
89
133
233
39
223
53
337
2
97
111
434
73
495
114
488
467
110
176
412
482
20
364
85
323
94
263
420
187
421
498
119
120
217
491
158
29
13
180
424
69
273
13
317
8
357
404
242
388
89
153
126
89
60
219
297
425
35
380
192
11
315
74
62
93
379
202
396
452
259
154
57
124
166
134
220
22
469
106
134
313
13
131
333
271
159
282
207
235
294
200
97
308
34
255
187
434
476
101
39
374
147
348
305
378
270
4
112
300
324
90
21
186
21
165
9
411
151
190
217
417
207
84
163
0
442
447
193
96
321
381
224
180
362
213
301
69
427
14
329
427
320
243
187
174
138
260
455
379
382
368
149
110
499
359
470
479
327
129
296
367
416
385
30
411
418
354
419
196
125
86
237
50
106
485
273
164
20
281
185
97
268
435
431
384
260
230
65
288
180
166
308
290
452
320
468
178
31
118
263
159
120
286
226
185
327
479
232
140
58
180
106
442
206
93
262
400
87
29
240
474
421
280
26
279
48
487
289
93
457
306
229
319
315
315
307
101
405
267
98
219
462
166
250
334
32
225
286
401
69
63
200
338
485
169
440
244
293
259
73
28
448
269
259
465
413
81
33
355
305
260
91
193
469
454
305
475
210
496
62
382
375
77
263
422
359
53
377
421
106
15
414
61
138
338
399
96
201
313
462
33
69
93
290
138
13
373
355
267
141
280
140
389
39
254
298
2
395
499
123
15
479
464
287
381
400
160
210
205
94
197
230
213
356
386
249
154
363
188
30
112
202
305
429
456
331
362
34
153
128
283
426
394
101
11
495
454
69
377
216
337
43
290
107
173
62
65
337
4
159
470
394
167
308
35
112
47
82
179
387
359
205
103
390
335
493
152
444
92
391
373
496
65
379
433
111
99
310
454
116
300
368
182
135
120
177
462
41
42
385
154
446
273
255
76
13
417
431
191
276
419
135
51
19
417
21
105
215
204
37
110
62
305
275
338
391
478
228
428
242
244
42
483
102
279
77
480
296
65
489
21
103
309
455
416
50
305
461
276
254
35
481
88
467
216
420
253
408
60
233
336
165
454
430
286
396
336
421
453
269
430
380
25
311
483
382
235
347
210
348
131
48
55
34
435
179
460
76
428
270
229
458
242
221
392
254
464
466
53
49
321
350
310
443
464
211
309
93
167
177
148
216
250
151
272
259
157
462
212
234
403
162
475
263
101
356
393
150
342
488
287
317
65
89
468
408
335
128
478
295
62
64
422
383
353
380
162
210
88
173
283
312
129
49
87
358
258
237
78
68
369
107
326
394
483
464
22
400
420
270
233
47
464
384
376
151
348
314
447
432
376
85
40
210
82
417
282
257
233
407
275
365
31
461
95
263
167
298
337
297
62
57
56
296
343
344
89
12
469
411
312
265
76
416
254
365
411
386
234
229
336
25
443
137
484
324
55
370
28
112
377
242
369
47
364
477
252
467
308
11
296
325
314
16
161
329
451
164
376
371
279
113
361
488
452
213
445
459
159
378
70
480
115
178
307
316
435
18
314
252
81
400
279
435
109
1
142
316
496
244
116
212
171
356
82
170
336
67
368
420
98
77
330
242
350
137
167
85
92
238
12
303
363
190
213
427
281
436
55
429
134
24
479
63
341
44
292
191
286
175
91
498
73
466
168
303
31
143
8
177
67
116
285
428
464
497
421
4
223
445
180
184
256
82
360
77
127
14
250
324
276
121
326
380
443
272
499
176
33
275
270
119
26
495
329
417
116
264
144
192
37
393
389
484
222
106
315
120
288
394
300
0
282
288
353
458
114
171
172
31
3
179
108
127
350
151
15
356
326
484
181
288
380
484
12
3
180
248
242
448
441
37
340
418
2
496
288
212
95
318
10
234
22
211
359
307
356
423
18
407
248
325
41
345
150
378
151
326
460
207
85
396
368
247
41
140
161
146
227
20
261
140
329
451
367
498
310
182
134
380
97
344
376
101
213
206
472
210
499
366
313
469
56
443
319
164
204
414
36
201
109
294
112
144
361
246
202
66
254
12
17
161
490
124
362
385
390
261
448
35
370
34
228
244
96
249
221
7
355
269
286
132
177
148
212
215
410
322
370
335
234
490
486
464
327
24
111
491
251
396
308
348
364
293
395
430
325
382
42
257
132
283
286
83
371
476
293
420
60
66
261
293
301
92
124
212
401
84
421
346
280
373
174
318
293
28
55
129
130
473
257
471
78
153
391
52
92
173
153
145
24
114
395
211
400
320
139
7
419
195
40
493
131
169
356
369
299
256
240
98
69
396
453
471
176
144
272
347
445
173
289
350
14
234
78
481
65
97
265
139
171
338
201
409
439
268
433
65
232
294
421
274
375
314
195
370
42
84
255
282
274
35
472
1
64
42
179
129
387
232
448
76
181
33
76
290
166
24
236
486
338
311
423
478
41
194
339
382
2
405
304
379
54
90
469
229
112
452
132
1
409
218
300
471
177
460
166
388
249
168
416
89
475
265
22
363
208
71
398
398
465
80
128
30
96
372
355
98
398
195
53
261
57
270
456
120
293
90
228
33
414
279
280
381
85
136
352
391
116
211
446
0
167
219
22
95
107
433
372
235
22
265
165
223
28
424
195
440
472
295
272
150
497
88
109
45
45
438
36
142
456
374
148
374
230
11
254
475
2
435
212
200
14
56
248
241
132
156
65
475
470
431
143
263
224
331
67
119
107
154
134
72
301
360
274
305
84
377
305
91
199
62
305
260
151
228
242
151
178
19
65
34
207
360
499
91
371
184
313
479
297
241
36
488
207
122
191
131
266
445
359
376
261
135
89
228
385
258
150
367
236
394
380
48
71
16
250
252
106
171
150
428
330
303
11
147
4
314
138
247
427
253
46
325
325
53
86
448
156
372
185
71
249
161
355
406
236
234
315
97
168
273
459
86
66
7
75
307
483
458
52
161
300
472
334
283
166
311
324
165
433
472
119
468
212
117
421
481
192
310
127
487
406
410
267
130
439
86
486
24
464
138
12
494
116
454
433
299
300
221
85
233
186
104
42
16
128
164
18
416
475
217
403
433
288
269
392
436
429
436
42
182
142
202
458
492
56
258
164
176
459
138
42
315
65
227
130
71
53
164
164
229
373
123
289
326
111
148
89
374
260
354
242
337
421
125
34
399
289
482
179
306
336
412
89
295
386
112
411
192
416
386
225
172
483
179
287
331
371
135
370
182
166
136
282
455
151
247
117
323
136
120
223
264
63
153
203
196
87
263
400
93
400
429
83
455
65
164
74
417
319
301
346
166
319
137
150
253
364
378
343
113
159
286
111
419
420
269
324
362
154
232
149
346
21
467
113
225
76
381
442
279
472
59
91
26
165
354
132
124
492
85
123
134
172
254
358
421
410
366
372
448
387
330
210
4
191
9
287
474
478
380
327
471
48
378
339
52
63
307
39
386
119
459
71
50
346
421
282
169
73
410
111
236
49
463
134
257
386
192
12
163
111
131
197
328
140
404
369
371
448
188
423
246
106
449
105
98
30
259
448
55
324
197
320
263
364
368
355
69
300
342
196
50
369
331
384
107
335
382
340
131
277
226
470
69
20
125
16
178
364
424
364
265
293
213
78
374
131
344
323
283
432
171
101
1
497
496
283
259
368
294
318
446
459
399
148
131
392
282
386
403
427
34
237
304
322
131
34
309
182
265
301
432
18
390
194
163
363
101
300
355
137
304
380
127
406
359
376
430
477
207
158
469
293
91
310
417
181
251
204
417
232
117
497
452
261
163
468
237
229
203
293
4
144
368
96
74
112
49
130
83
484
432
300
342
120
23
316
425
123
372
4
342
473
428
433
13
376
394
325
226
65
202
39
119
348
323
84
169
338
370
58
390
77
126
164
152
469
69
422
345
55
351
66
237
283
150
263
459
392
290
360
193
94
120
480
9
424
378
85
359
86
278
187
220
264
217
156
140
338
473
495
53
455
403
65
430
261
424
173
320
53
303
25
62
192
18
448
20
400
65
110
101
355
177
298
439
350
104
497
27
322
62
481
319
299
300
423
384
216
167
394
470
310
410
12
355
434
229
142
364
321
493
456
470
367
14
29
30
392
295
69
381
485
425
495
98
340
258
241
206
420
452
477
459
468
218
167
180
397
259
166
48
168
380
416
483
260
381
478
389
111
73
422
266
259
77
473
6
408
289
478
320
446
82
154
126
9
354
74
86
405
305
163
181
450
91
474
59
91
103
154
152
477
458
433
416
110
467
98
111
151
313
490
154
262
178
263
84
43
286
372
450
431
145
212
173
451
217
399
446
28
215
477
128
131
251
6
188
109
90
194
188
189
104
121
298
435
407
377
485
71
12
361
405
337
88
158
237
82
396
414
367
220
253
102
85
32
210
303
459
256
164
447
478
274
417
164
60
374
464
391
486
180
480
384
300
124
70
413
344
198
175
19
446
69
98
68
120
306
413
144
89
132
37
189
261
42
260
367
124
206
271
23
474
472
236
89
381
100
184
133
475
366
169
81
95
256
400
164
466
64
314
111
421
496
308
299
342
458
20
336
261
226
470
311
317
94
289
49
365
187
180
459
466
416
385
466
196
454
246
10
244
480
9
56
13
147
187
105
351
408
234
166
448
378
310
231
472
230
429
456
255
351
231
319
211
441
153
38
84
422
55
2
252
57
138
384
148
381
178
256
223
414
234
398
362
93
217
410
115
237
223
137
322
175
364
467
221
317
120
406
439
301
463
107
197
10
169
255
360
206
100
258
366
446
397
459
113
356
100
15
198
303
441
470
487
463
74
69
78
281
311
135
273
480
404
21
240
128
86
257
384
287
144
480
244
462
324
435
45
317
322
58
231
207
494
442
111
321
228
461
255
6
249
337
437
11
67
341
279
224
303
243
371
189
372
240
14
203
295
27
69
2
161
442
377
157
490
421
422
151
384
139
261
210
148
227
172
135
156
234
367
310
256
242
322
33
477
258
187
357
104
194
355
283
266
333
132
132
114
185
281
68
35
380
405
393
198
171
432
45
56
151
422
378
92
310
337
326
328
96
440
498
271
115
381
276
222
449
214
379
247
494
410
378
248
159
187
209
238
83
432
170
368
15
434
108
383
281
402
191
409
387
422
129
299
116
374
134
455
240
55
384
234
304
299
314
313
45
484
34
69
346
283
107
402
210
371
300
493
329
303
420
293
326
487
138
77
477
304
388
186
24
149
310
435
21
430
200
325
230
111
410
81
36
375
446
337
423
73
330
62
182
277
69
372
233
481
445
473
112
278
90
45
279
143
332
465
301
165
208
355
66
468
179
128
392
348
379
42
242
394
218
323
29
495
270
293
212
84
194
437
452
210
153
153
53
281
461
415
382
367
439
42
37
492
228
305
454
355
424
317
377
37
314
249
151
261
51
383
341
167
140
275
119
371
158
190
266
224
44
275
333
62
455
294
388
405
292
440
440
248
385
443
234
110
84
469
150
119
474
389
322
164
425
107
46
437
188
358
137
478
495
3
34
213
367
469
193
160
262
433
23
372
254
5
117
344
438
225
202
52
104
270
326
82
131
455
145
90
139
462
493
195
191
226
97
322
269
29
121
199
145
126
287
109
465
308
110
413
345
85
24
144
66
243
422
130
8
112
50
173
400
252
42
100
249
383
410
282
269
318
385
209
141
240
85
354
443
354
93
245
67
109
487
463
475
36
314
300
350
190
453
287
58
474
380
385
285
341
316
144
36
283
456
368
160
311
14
470
201
296
51
256
416
2
339
456
424
300
248
320
205
496
304
212
316
171
29
499
5
250
91
244
363
126
417
211
273
209
144
357
400
480
262
130
345
461
296
32
409
22
376
29
355
464
217
75
236
17
106
154
355
474
43
206
468
225
7
297
388
306
388
85
424
357
177
326
244
30
440
211
154
236
344
194
208
128
359
247
326
221
393
101
212
401
303
186
164
306
491
482
107
362
82
271
472
271
20
69
341
491
221
62
218
281
355
433
464
7
36
421
334
300
433
99
153
112
63
290
15
370
454
257
176
180
404
482
65
389
4
90
184
56
452
374
81
125
15
99
108
126
70
479
263
114
308
378
125
166
363
96
85
80
421
407
249
243
383
405
207
84
309
171
463
6
497
227
387
222
461
341
207
78
470
393
140
225
385
384
137
178
448
34
126
436
50
13
346
384
140
237
493
416
287
177
164
391
151
79
1
157
157
268
382
487
91
89
496
112
250
416
278
218
147
472
34
405
420
474
88
163
424
448
219
404
331
216
196
200
273
489
167
307
177
498
419
153
377
210
460
463
433
464
58
135
96
165
207
34
366
466
45
478
462
369
369
97
53
455
254
375
399
10
348
102
432
289
94
108
124
167
476
338
172
59
151
37
172
455
301
387
119
431
320
222
238
317
286
66
212
398
25
246
333
134
171
280
108
120
290
398
74
122
243
462
475
338
264
32
254
120
155
379
329
295
447
349
217
424
423
117
232
442
223
233
480
77
10
152
163
141
226
72
140
481
469
23
18
44
321
112
466
438
164
434
259
244
442
346
286
470
65
179
37
451
211
477
334
298
391
153
270
191
217
56
128
57
420
159
206
177
200
102
324
321
288
154
291
96
46
42
431
154
71
336
103
295
157
37
345
462
398
485
485
33
316
355
229
117
398
98
127
212
364
491
413
487
169
73
305
70
424
372
414
196
157
20
382
120
105
417
111
383
454
318
391
104
494
349
135
392
355
464
409
167
291
366
125
15
455
296
16
74
158
484
317
45
120
228
178
412
447
257
13
400
473
11
138
248
44
243
451
241
240
198
480
328
325
51
308
344
163
433
96
499
286
88
419
107
326
253
336
263
269
393
318
428
304
280
346
327
43
229
380
30
424
405
282
94
195
288
461
93
262
65
246
468
89
315
345
287
42
49
117
304
358
487
161
299
337
293
459
424
378
0
390
66
175
280
496
3
421
384
485
245
493
472
11
2
410
297
323
170
240
279
13
150
10
459
190
154
53
467
70
439
48
371
98
384
337
308
285
302
300
157
329
423
241
182
410
155
411
99
482
87
194
158
231
223
205
98
271
28
151
460
22
23
228
474
444
456
476
145
459
43
383
0
205
162
355
235
180
431
174
364
346
350
252
301
448
272
341
213
412
187
137
44
135
422
151
71
324
66
106
474
12
82
381
331
312
336
287
71
146
85
105
415
293
308
422
82
384
135
42
116
189
378
175
372
450
169
69
31
397
78
154
481
134
72
276
201
134
400
315
167
430
155
360
469
27
95
56
5
30
122
77
244
212
406
496
62
298
15
73
108
212
393
197
150
247
136
403
337
319
144
97
160
469
52
299
339
88
426
444
389
11
490
341
411
58
45
106
11
489
234
314
167
408
1
478
301
21
154
210
191
20
498
16
320
347
295
127
299
63
318
357
488
482
314
421
186
35
348
253
220
13
140
30
13
462
93
254
447
469
211
29
457
296
28
152
216
87
411
29
344
400
69
85
42
281
310
166
167
278
415
474
275
432
341
433
279
320
471
351
182
42
117
156
273
337
442
159
298
122
446
112
34
413
257
318
349
193
83
85
267
207
156
346
208
286
422
356
425
411
464
375
60
491
174
119
131
363
126
467
23
228
343
255
157
234
242
236
366
382
495
300
83
299
258
128
103
247
282
482
301
181
448
58
457
156
161
210
364
371
51
198
477
80
45
361
308
464
399
164
242
191
323
474
274
123
315
269
399
93
57
485
65
401
410
254
381
239
384
453
31
472
193
226
421
432
120
350
261
392
143
373
154
195
380
260
411
316
402
200
48
414
393
388
136
335
353
242
295
282
226
207
151
171
154
154
173
317
389
113
9
353
273
488
19
142
345
358
366
43
138
52
277
117
259
47
182
59
265
419
343
24
291
124
101
409
380
268
475
294
260
210
242
480
43
360
330
471
164
28
186
436
336
235
454
57
380
416
248
101
100
291
374
81
35
439
64
95
227
39
110
389
67
109
212
201
271
475
318
293
236
84
375
144
373
385
460
291
481
384
192
79
309
167
262
403
477
343
474
498
453
234
180
477
77
435
444
383
83
275
227
279
463
301
476
484
105
110
30
75
99
196
311
76
221
131
244
387
377
240
27
295
380
207
438
48
166
318
70
319
215
355
380
61
210
166
277
35
416
122
435
39
12
294
497
82
215
85
122
392
356
85
333
175
167
95
248
229
142
309
57
71
397
195
159
417
128
94
270
306
79
397
307
397
321
294
365
262
317
399
96
451
454
235
343
360
423
447
428
454
27
228
409
432
340
48
341
481
18
136
175
465
456
401
112
34
241
359
250
261
224
412
244
189
138
99
445
281
479
384
186
454
372
98
280
73
244
193
259
389
477
151
209
462
13
88
384
164
266
359
81
329
182
456
303
36
54
410
174
440
484
443
344
168
420
123
95
432
122
170
68
78
476
381
42
137
333
37
361
7
84
138
352
316
106
323
87
122
499
399
414
271
332
156
494
71
194
13
396
353
337
397
429
442
340
18
194
378
204
0
379
220
420
119
293
322
157
347
393
240
429
282
326
3
463
228
232
174
162
144
345
159
355
5
300
227
35
96
110
286
439
354
412
35
304
179
273
171
143
77
251
23
158
186
194
337
459
307
420
342
91
174
35
202
119
106
467
23
331
105
258
70
493
157
272
414
441
203
184
376
243
374
6
64
455
486
180
441
54
313
306
153
360
143
486
202
250
483
286
330
55
188
415
204
370
153
214
357
400
252
213
451
322
263
144
477
369
404
160
445
119
250
43
293
39
177
189
458
469
435
341
151
411
81
416
498
243
325
296
279
53
146
261
219
142
107
414
209
55
360
361
354
20
116
304
367
453
55
395
469
342
77
105
217
58
399
305
126
287
385
460
248
110
112
207
468
494
22
416
474
309
187
320
380
66
228
316
89
158
443
13
403
270
347
72
325
117
489
394
255
120
114
382
385
256
367
412
96
33
224
98
53
454
240
470
28
345
54
401
331
9
6
74
294
103
76
363
50
19
260
193
147
393
142
354
472
171
450
452
202
395
229
267
462
75
43
209
424
418
56
91
330
130
116
467
70
315
285
105
247
78
62
194
284
321
444
3
81
495
342
162
57
251
107
286
91
93
76
287
454
472
384
247
195
406
353
274
463
117
459
314
43
430
120
300
54
216
168
162
153
62
227
436
71
184
59
3
274
137
56
94
101
92
360
219
290
62
393
155
19
165
259
257
364
491
200
383
494
204
4
363
198
86
302
93
384
421
497
463
11
34
444
187
228
203
135
339
441
323
6
451
387
139
289
457
442
308
217
436
353
31
464
314
3
6
297
475
424
442
94
154
18
499
263
213
191
458
150
403
121
248
248
167
195
129
69
447
407
4
185
223
45
204
108
172
227
439
189
163
18
42
59
104
354
36
184
159
436
250
246
325
184
110
215
308
342
330
199
95
45
367
33
251
472
395
246
79
18
189
455
146
327
410
4
283
270
447
487
330
79
403
119
142
409
59
344
399
49
462
434
202
328
144
172
303
238
301
289
228
42
75
170
289
444
15
333
42
186
128
9
369
374
140
285
458
245
74
45
217
111
354
386
9
105
373
285
217
490
272
484
89
238
1
324
340
198
2
238
378
400
375
461
178
191
342
101
151
301
69
498
45
304
482
29
200
290
191
91
172
51
142
309
164
249
429
135
182
49
260
483
483
400
447
231
447
243
1
65
473
244
427
225
320
155
147
476
236
160
474
63
27
247
42
1
324
254
26
101
87
147
100
91
86
151
247
248
470
282
87
108
416
422
313
163
294
366
435
261
338
168
388
67
486
459
240
92
224
83
52
288
391
97
96
260
319
229
74
323
352
316
387
161
345
276
316
101
337
241
223
94
242
410
128
117
124
262
119
78
443
244
217
106
154
2
89
146
34
375
348
30
367
99
217
437
293
411
159
297
285
338
368
351
118
140
144
426
247
484
222
69
294
152
358
493
385
114
463
464
167
132
215
263
360
378
363
462
234
494
217
407
16
476
121
280
404
116
91
140
445
383
444
409
239
400
375
130
442
154
383
227
6
114
223
144
78
52
21
92
306
379
451
287
498
61
349
309
458
256
10
238
384
316
189
240
323
21
402
148
491
55
384
12
263
194
99
231
279
162
301
88
293
243
14
58
477
25
240
383
282
347
325
76
18
484
316
450
156
192
77
107
74
326
53
164
62
357
150
305
339
295
95
239
230
256
329
473
275
71
206
432
305
200
66
247
478
109
255
242
169
20
17
101
416
412
177
8
262
190
51
55
226
140
249
230
266
428
404
180
4
458
408
54
422
91
1
353
107
21
453
71
75
260
164
165
198
98
459
285
67
357
336
429
217
460
473
66
433
419
141
161
338
425
461
89
124
340
46
464
442
174
484
363
472
174
14
318
347
476
467
50
455
266
367
322
301
91
362
10
443
158
463
93
475
333
233
106
244
327
394
265
145
28
416
471
107
290
149
271
360
153
77
414
229
126
237
60
196
0
41
251
300
357
338
284
0
24
200
483
175
185
295
308
333
442
420
254
117
304
416
168
227
220
18
31
152
354
349
47
354
118
397
248
407
62
436
391
255
378
74
363
130
278
371
277
234
290
13
308
381
360
322
395
142
477
329
463
392
271
3
307
468
18
27
263
157
60
321
405
325
107
206
52
362
292
128
402
286
53
280
306
274
77
97
263
34
231
227
154
322
448
67
457
308
6
401
276
306
53
384
411
112
401
149
337
469
6
203
425
397
90
126
410
223
254
109
279
133
469
487
36
224
42
352
410
149
430
494
247
403
319
331
433
420
476
496
417
42
155
496
283
400
497
451
39
273
416
296
443
302
188
435
460
438
358
380
21
499
469
360
334
8
348
359
200
280
234
275
283
277
433
96
283
387
371
293
450
462
211
330
309
137
31
47
163
423
25
228
134
117
441
271
291
260
336
231
174
432
375
189
29
314
457
433
296
317
136
103
467
377
70
127
332
137
345
199
37
181
359
334
158
96
385
218
138
87
93
424
318
49
342
256
228
251
81
159
212
278
73
439
29
342
148
371
312
441
139
212
384
290
372
334
279
90
491
84
278
96
52
35
275
407
383
70
340
238
53
479
90
478
53
185
288
79
477
221
496
247
250
424
267
139
434
216
325
495
88
68
295
223
1
333
31
402
460
97
207
351
384
204
231
366
169
156
1
484
479
1
469
419
41
197
355
195
239
137
236
130
214
402
201
455
154
163
229
380
412
297
64
117
130
258
142
476
229
247
315
359
83
171
247
493
44
261
57
13
410
167
141
438
257
327
74
228
171
151
229
175
414
234
91
150
357
201
399
447
497
314
480
153
98
32
251
364
82
200
310
480
488
306
307
21
350
370
443
423
202
254
489
119
494
179
19
4
459
39
391
164
257
231
334
400
82
314
193
6
232
13
223
373
234
481
119
196
100
221
437
383
53
174
267
184
146
56
116
7
44
340
419
418
378
62
167
308
375
289
209
266
141
333
424
330
274
496
222
417
441
179
11
6
337
117
3
152
111
43
493
471
230
95
477
209
144
297
112
464
476
432
97
236
106
278
265
241
128
241
467
307
51
72
170
417
119
365
133
180
467
71
446
87
191
416
464
372
218
407
186
194
13
224
256
221
104
271
493
270
136
314
444
347
215
146
191
428
12
421
197
107
47
205
454
10
498
193
21
25
23
131
103
491
96
454
113
262
52
26
272
234
349
19
82
191
380
306
38
207
244
484
60
211
363
387
425
15
201
13
59
381
282
266
79
1
208
369
56
54
122
464
48
435
453
305
472
17
352
424
438
400
344
182
35
71
392
119
448
133
482
366
30
455
96
296
421
298
157
41
372
337
279
479
244
131
109
115
364
389
455
119
335
134
39
361
471
473
154
449
284
134
144
144
318
259
200
177
130
496
234
283
249
360
340
126
87
381
41
265
201
363
273
433
458
28
350
283
108
207
341
397
68
305
347
482
470
235
221
192
355
102
174
458
0
484
478
2
33
45
459
454
210
370
367
331
418
237
432
253
145
48
303
46
418
209
213
487
248
201
287
108
119
485
397
313
91
51
400
120
202
388
52
388
381
53
0
211
49
83
237
279
150
40
112
31
446
42
288
82
261
245
324
423
147
317
300
346
216
313
449
440
124
446
358
236
117
107
285
208
107
249
226
172
253
209
33
442
279
242
214
115
469
159
60
124
279
412
213
180
142
259
266
362
435
179
189
374
189
396
34
378
470
327
302
407
318
274
226
489
222
288
12
467
366
48
123
246
85
97
91
468
424
244
193
320
163
387
18
230
301
62
87
413
175
183
185
267
383
54
157
423
380
331
84
68
35
144
29
317
487
196
170
466
484
153
274
256
399
141
299
375
442
98
143
171
198
181
222
444
339
186
294
496
435
56
341
242
246
30
400
241
393
54
97
254
491
52
45
101
356
484
35
155
343
162
100
447
236
351
14
361
7
484
384
87
328
346
67
230
145
322
223
223
197
360
493
484
335
222
212
403
378
223
11
410
131
3
99
369
73
407
193
291
416
39
406
408
435
107
262
427
25
150
83
91
418
301
449
130
328
97
129
432
241
440
118
242
293
338
234
202
309
387
350
476
155
486
211
198
40
216
363
260
94
170
215
279
300
161
175
82
326
52
212
458
365
83
96
197
177
250
227
10
253
290
385
18
54
206
165
201
22
207
115
38
496
403
387
337
406
55
118
275
431
104
426
421
490
106
261
53
462
348
296
164
323
97
293
229
412
91
42
91
426
30
239
50
326
56
293
19
73
408
137
348
407
95
406
109
318
362
236
9
35
410
177
153
273
356
434
108
181
394
456
458
434
81
476
454
329
491
229
139
449
54
433
228
312
50
474
80
247
368
420
142
35
136
448
420
265
169
135
315
58
211
256
114
181
148
210
421
164
65
177
370
392
449
42
102
491
233
145
132
383
390
150
483
90
458
28
247
186
319
71
276
134
78
255
6
453
163
416
154
308
324
216
254
25
273
54
5
44
300
463
81
16
230
164
484
197
462
290
265
167
385
482
308
471
240
3
138
148
448
487
257
67
496
446
389
130
417
197
10
33
131
143
129
482
54
349
106
269
79
240
336
221
191
142
64
323
50
420
297
127
1
181
329
443
175
474
338
100
343
495
218
283
337
108
214
211
234
298
334
290
475
167
416
90
433
399
343
86
286
499
433
453
333
448
53
442
416
203
83
1
349
315
275
423
437
215
75
279
83
36
147
33
498
295
305
86
413
251
404
288
485
180
160
284
275
82
472
262
360
222
229
225
347
312
209
490
483
493
228
235
344
480
185
188
380
305
180
267
496
29
146
337
392
165
283
13
149
341
295
82
59
218
279
446
14
289
480
361
444
233
273
254
221
301
269
426
345
306
285
107
454
195
243
173
197
138
406
388
118
265
37
267
395
388
108
202
167
167
102
296
406
410
330
73
202
111
496
302
323
78
36
478
104
376
36
494
118
192
42
365
397
166
417
480
285
56
138
227
171
330
405
124
159
62
91
241
156
402
228
296
369
27
143
287
139
1
478
68
85
433
399
5
439
214
448
359
114
148
467
201
53
271
315
300
306
340
35
312
23
153
394
106
380
86
467
237
251
305
85
164
342
299
139
133
308
236
32
426
460
212
91
62
77
474
264
325
171
90
359
371
184
2
480
478
41
69
10
269
306
495
427
490
473
422
170
236
116
401
41
201
19
275
275
468
394
454
279
120
308
260
112
175
62
87
314
6
74
127
293
39
204
133
193
364
483
283
325
242
177
175
126
482
56
313
150
56
463
319
316
392
163
13
82
187
106
320
408
307
191
475
154
210
275
344
179
175
66
272
174
316
153
29
45
57
236
162
362
282
27
12
480
305
276
475
293
383
399
3
152
224
196
310
451
3
15
133
264
246
220
158
93
260
93
184
156
344
276
66
170
48
48
259
106
200
86
20
461
157
197
13
359
123
291
196
441
482
334
1
300
275
422
97
311
323
296
453
472
160
491
346
259
120
311
448
382
36
69
158
110
93
462
240
22
71
143
210
5
188
142
12
293
339
100
367
412
218
12
352
111
421
177
149
400
170
28
35
425
497
305
288
411
464
228
104
279
269
489
316
319
463
420
77
464
293
133
32
277
491
114
105
209
140
144
172
169
368
416
405
113
383
405
356
159
333
44
406
399
129
203
214
74
108
430
85
62
145
445
121
271
360
299
456
256
347
334
96
154
406
108
231
463
318
7
279
181
106
143
158
377
348
68
491
432
490
466
177
18
230
194
369
19
496
219
416
469
496
193
426
68
461
146
18
432
477
234
474
287
67
73
479
372
104
70
20
459
478
90
98
493
325
0
285
58
347
211
216
433
321
61
355
347
112
205
493
459
34
88
308
48
86
103
316
295
199
199
173
82
406
358
270
497
310
157
15
91
45
359
281
415
32
30
386
270
451
191
290
364
163
186
139
77
44
4
84
309
84
206
144
258
271
451
371
142
294
387
259
380
491
151
376
213
261
39
6
439
286
443
342
284
384
387
132
115
70
279
155
456
364
236
8
430
201
38
254
299
146
62
408
199
428
286
389
256
406
202
458
415
72
201
306
355
467
466
179
465
454
119
342
154
369
214
477
344
315
122
409
94
223
399
428
158
413
358
419
135
454
341
348
128
55
119
265
373
340
165
112
303
479
347
193
174
189
414
52
84
433
164
371
240
88
372
162
74
378
473
480
461
254
488
195
98
182
120
310
401
243
119
20
197
489
188
210
80
491
360
493
258
489
321
461
126
273
173
497
351
449
358
423
310
359
317
6
417
210
338
145
253
403
3
336
409
387
329
65
34
61
258
352
34
313
239
48
248
32
127
445
55
132
50
391
104
407
408
344
318
491
180
33
478
120
340
156
17
459
54
407
431
411
465
456
344
146
156
27
271
423
316
344
23
119
413
451
350
342
384
452
425
449
86
72
116
413
198
482
122
275
97
116
367
348
388
112
9
272
493
459
184
319
359
390
494
94
281
182
335
287
113
23
334
236
173
3
92
26
293
421
274
134
371
337
256
413
311
477
328
131
65
144
278
227
414
160
82
313
371
222
193
182
254
337
308
408
297
282
3
295
60
421
412
270
248
361
291
212
421
346
115
251
3
34
129
295
65
27
39
302
97
380
491
273
378
397
156
120
290
40
442
467
295
23
165
273
266
333
346
71
53
391
392
47
108
438
292
156
54
179
50
163
262
398
108
375
51
211
478
189
458
483
393
56
203
220
23
135
112
376
342
328
85
384
250
144
43
84
432
73
362
283
270
117
5
475
404
366
17
321
44
364
367
425
327
478
341
310
97
262
94
173
318
225
326
225
0
107
482
116
271
29
467
310
138
324
249
238
201
418
374
163
273
258
385
262
469
319
112
106
236
216
295
234
25
467
485
329
50
55
86
286
119
412
310
177
120
272
364
341
23
483
346
294
484
91
434
254
456
272
113
234
144
337
192
267
305
15
313
397
384
137
74
334
235
306
435
388
214
207
14
323
38
254
345
314
5
374
36
155
391
66
143
134
150
164
353
121
224
245
400
134
57
213
31
375
276
41
168
92
462
135
330
115
277
305
130
109
407
416
383
203
479
489
328
411
33
94
43
417
125
287
219
235
386
49
401
447
305
485
276
305
34
486
316
384
239
354
89
264
22
83
443
290
131
396
304
488
340
365
488
58
149
121
425
235
110
115
49
41
128
438
278
237
470
295
3
295
464
119
329
122
15
435
248
209
36
303
341
150
254
342
249
232
226
83
414
498
116
79
172
281
395
389
169
146
404
470
444
46
28
58
304
404
378
59
256
232
290
337
464
277
210
53
189
200
417
427
61
400
233
210
457
458
228
375
408
425
1
228
86
381
30
57
393
474
189
482
391
244
219
497
6
67
99
377
199
124
214
157
160
268
12
494
356
206
78
435
308
403
157
497
243
107
479
241
484
416
279
167
383
229
92
202
488
158
425
437
118
390
31
290
302
496
299
444
25
97
231
384
218
409
32
241
91
496
196
364
116
173
442
433
443
249
15
113
98
296
418
402
485
396
460
142
70
217
338
107
289
342
170
100
437
457
306
247
264
219
338
431
484
12
435
228
123
470
96
231
3
189
322
163
459
401
398
263
384
371
454
139
109
3
491
278
185
240
108
318
259
367
107
400
420
310
342
158
33
388
164
133
324
448
178
460
97
369
181
135
472
322
368
283
387
496
424
156
173
434
364
220
448
195
491
162
25
355
224
208
213
15
443
109
55
107
95
365
220
2
320
167
266
266
261
49
110
441
487
155
32
49
223
154
345
128
349
437
373
120
392
290
85
411
249
416
359
107
479
492
71
204
185
408
301
465
323
472
398
351
401
348
291
398
341
470
411
322
447
274
142
86
441
202
28
92
180
345
243
272
202
247
354
116
175
364
67
214
29
471
114
189
454
1
405
62
55
457
424
266
396
384
180
103
42
104
159
197
170
305
418
185
256
260
74
207
214
260
142
29
189
494
390
475
380
200
133
499
274
456
337
253
226
101
260
201
361
498
346
55
237
456
430
459
341
367
242
387
185
255
401
229
130
106
248
363
186
262
331
321
209
442
368
247
212
442
5
273
296
371
158
484
164
149
168
272
376
463
418
273
424
376
370
327
255
361
484
363
136
318
221
190
42
264
448
215
246
219
206
412
184
380
459
472
126
59
10
28
214
345
186
397
268
393
270
389
384
85
160
138
153
100
300
135
125
64
107
112
43
282
156
137
319
441
26
103
164
484
317
452
161
323
176
25
443
295
287
108
328
268
304
211
371
59
255
120
380
412
364
427
404
198
20
151
412
226
429
400
452
334
263
167
142
95
287
490
440
120
249
367
412
334
322
463
7
337
345
64
211
141
243
467
173
339
385
283
151
188
260
454
278
6
285
237
54
375
314
425
66
124
267
327
115
53
247
0
269
296
154
217
354
419
293
65
340
4
427
37
372
335
136
197
15
90
337
89
172
19
416
363
103
475
296
74
408
52
347
332
73
60
162
299
130
434
72
158
429
93
178
497
32
454
113
480
20
300
73
166
374
463
91
193
457
199
455
93
410
198
267
432
496
12
47
121
493
409
187
95
297
422
90
92
11
82
279
341
218
67
119
13
431
58
357
188
190
72
348
132
169
356
483
342
439
417
378
363
157
195
146
219
397
470
183
227
423
452
212
369
442
461
37
96
403
114
131
182
9
290
416
204
406
312
159
252
182
295
314
399
455
445
399
154
144
204
153
234
50
386
376
306
300
300
376
484
172
301
65
308
300
231
107
58
246
362
305
217
211
263
381
488
89
454
278
454
334
264
450
443
381
54
8
92
125
331
486
71
456
290
429
303
13
367
144
418
18
58
208
149
344
409
256
260
144
404
224
78
411
259
273
178
87
23
250
480
421
87
137
145
340
42
277
397
414
124
84
375
499
102
156
195
112
114
353
8
236
125
498
350
400
248
258
454
430
50
467
459
392
54
252
493
459
4
367
22
384
47
316
328
384
197
165
273
142
308
273
314
17
19
296
149
65
161
59
184
477
234
290
154
274
429
312
199
58
398
398
487
269
180
424
189
388
103
189
59
219
425
77
155
279
264
443
342
256
353
13
330
476
429
154
273
479
351
29
270
394
420
267
178
454
335
157
448
495
248
72
282
90
359
113
130
260
399
185
331
399
214
356
476
461
469
295
491
18
374
475
68
340
244
118
129
497
226
315
4
337
262
340
293
234
301
19
331
315
150
388
488
314
33
430
499
99
104
281
210
243
279
234
171
147
79
11
345
219
444
139
231
39
343
242
416
123
235
315
499
157
306
326
226
143
227
87
235
13
469
120
228
45
153
182
145
217
96
380
499
435
275
299
205
308
457
444
12
217
416
215
435
415
299
426
478
194
384
286
353
159
77
299
473
461
249
275
487
16
499
30
483
23
295
336
166
44
325
427
455
480
325
116
12
220
189
130
306
34
119
247
386
323
46
60
87
415
276
354
127
422
50
309
202
99
478
196
379
68
499
363
148
161
54
253
466
168
23
347
210
383
226
107
86
322
6
383
148
273
21
365
279
314
132
192
405
5
35
455
346
332
482
397
400
422
453
50
290
204
32
452
104
53
76
85
171
493
96
154
462
360
443
166
304
319
326
233
253
198
218
210
419
480
82
427
33
274
175
334
169
470
47
5
221
410
302
98
138
391
432
159
375
452
10
190
351
236
469
164
326
17
54
207
376
274
119
310
167
109
379
273
458
193
65
142
247
384
488
337
83
30
392
248
172
11
360
209
111
123
339
94
117
181
486
491
176
159
123
109
243
160
325
140
136
67
257
140
45
477
112
242
124
406
228
292
353
244
393
145
498
377
341
114
425
172
390
158
108
355
442
338
412
114
158
94
350
445
359
293
478
120
11
380
4
395
384
412
184
293
310
1
285
3
314
326
170
42
244
411
162
169
389
402
181
5
170
157
491
162
366
220
360
331
158
248
336
166
177
210
406
327
81
486
242
390
10
264
128
494
173
216
71
484
211
390
499
457
361
300
1
464
318
47
114
177
410
366
267
385
384
35
364
493
26
111
425
394
246
14
334
174
189
412
329
364
412
465
430
58
305
469
431
218
371
336
199
51
248
85
8
44
439
267
69
260
148
202
475
201
371
119
459
262
208
288
213
260
186
499
305
454
384
35
284
474
42
346
318
52
480
387
157
245
191
424
367
74
392
356
3
213
151
13
471
113
48
126
339
33
138
366
317
203
264
243
451
446
279
119
421
406
260
56
2
310
7
359
307
167
85
240
30
290
180
420
322
243
395
160
131
257
396
223
227
167
61
179
268
434
373
256
283
487
25
241
81
233
89
69
300
454
378
108
178
178
376
389
71
248
217
4
380
35
433
176
4
33
357
402
279
326
179
456
378
91
111
429
89
6
125
405
329
317
321
393
225
486
499
123
184
2
227
478
489
357
411
488
432
82
272
491
254
330
117
403
364
323
279
175
316
17
311
294
266
37
267
406
431
279
163
69
49
353
100
115
139
345
93
275
173
320
48
296
120
421
484
339
433
56
107
269
12
305
339
443
88
187
275
366
250
306
194
62
32
277
433
276
439
495
272
279
282
199
154
25
405
307
279
304
207
415
215
264
235
401
454
63
472
493
128
191
59
6
79
347
486
278
72
75
195
360
51
491
117
139
351
497
474
100
297
407
465
464
12
210
153
60
277
166
368
334
484
224
324
497
233
197
487
154
181
218
487
291
369
148
42
211
104
220
470
118
23
59
298
414
236
436
19
360
468
134
193
92
479
135
196
56
282
351
426
388
317
354
133
56
157
91
287
315
436
182
115
127
271
95
337
244
82
384
393
426
392
267
380
417
207
359
96
34
367
305
11
273
460
477
227
85
2
434
76
277
499
14
165
383
122
410
157
342
337
49
358
176
46
45
400
383
493
45
171
395
425
50
205
496
408
216
229
35
364
423
485
474
61
362
249
147
354
411
165
235
82
110
1
463
374
375
357
101
139
464
343
51
186
191
323
274
422
83
240
373
466
400
426
368
346
488
85
378
326
495
469
104
277
498
108
139
378
437
411
421
320
384
216
333
363
151
150
300
175
401
32
112
42
165
493
474
63
164
445
189
368
33
133
399
282
255
293
273
67
50
241
85
377
164
96
307
333
62
273
344
24
98
405
79
6
283
123
33
465
114
340
39
472
245
5
400
62
381
399
344
181
13
237
367
445
167
490
340
413
368
323
298
412
481
272
1
6
60
384
307
96
59
79
325
398
164
321
288
144
22
441
227
199
208
432
456
387
104
12
337
220
495
202
145
295
171
418
436
34
46
145
492
475
289
181
191
306
221
109
372
361
355
260
273
154
248
309
101
469
282
358
257
338
465
440
256
300
382
76
137
48
478
106
476
285
368
378
367
42
96
417
55
323
73
464
180
179
487
443
19
329
358
53
79
233
402
24
399
341
478
373
467
430
313
487
128
163
373
420
112
165
349
60
293
241
321
15
263
363
180
403
465
326
142
451
499
101
391
159
214
360
331
461
399
222
444
382
290
143
118
337
451
387
214
416
126
495
143
179
398
391
476
276
156
126
29
477
368
93
211
398
254
151
13
490
20
487
87
262
367
218
70
227
354
365
366
451
58
252
422
203
393
282
438
436
281
74
366
208
371
215
204
106
303
28
113
21
131
367
373
8
64
170
374
261
299
118
369
218
369
252
328
315
479
321
151
218
220
314
414
188
315
139
353
36
187
221
152
41
467
308
151
291
292
497
64
273
464
338
301
1
250
170
202
164
17
95
126
197
298
278
169
476
468
349
339
316
106
299
342
255
58
180
200
88
377
434
195
239
43
468
116
322
239
179
11
464
203
19
154
440
328
228
208
474
387
167
29
138
328
234
108
167
8
420
402
476
78
442
223
131
287
418
17
482
83
220
1
108
185
462
318
91
410
35
482
375
25
217
271
360
69
163
161
340
179
260
163
400
344
130
499
8
202
203
76
314
307
359
91
345
22
156
295
93
107
232
458
435
145
157
67
497
387
55
274
2
273
403
463
263
273
456
16
219
335
33
137
71
22
388
496
445
244
198
147
83
194
491
49
263
318
186
347
280
104
9
57
281
361
490
114
391
293
68
241
488
8
66
430
51
448
375
23
270
345
443
64
66
234
493
214
333
417
177
243
454
231
57
354
116
219
412
295
273
292
146
495
340
327
433
205
314
458
497
230
356
190
326
150
134
34
197
133
155
147
109
231
317
325
337
354
265
172
136
363
227
140
231
305
248
483
372
176
422
482
376
360
349
249
138
484
403
60
119
217
411
283
136
181
91
50
226
438
271
78
388
247
297
46
154
159
73
241
275
384
26
441
124
469
466
402
424
84
287
76
301
481
211
228
90
411
75
293
93
481
419
495
420
106
2
115
90
331
399
59
13
465
50
225
339
361
229
44
290
498
324
432
208
187
97
203
10
319
441
104
439
122
337
201
405
320
337
189
165
203
420
132
196
228
302
167
305
219
318
80
458
86
348
199
69
175
287
101
51
96
189
204
237
260
322
482
383
403
337
260
212
445
63
10
41
82
260
210
374
190
205
145
78
388
87
321
207
195
258
219
363
196
191
28
488
460
408
495
181
20
26
50
16
199
211
492
247
300
308
382
435
73
482
421
344
270
125
401
448
210
195
306
434
474
303
339
178
480
282
8
449
180
69
265
497
404
444
456
165
172
162
195
116
459
381
47
434
329
376
243
80
370
316
320
429
474
44
26
391
431
99
363
339
175
463
364
335
303
425
377
159
166
424
134
363
421
77
45
365
265
134
418
220
89
189
206
282
16
414
295
47
349
156
479
134
223
97
129
185
1
492
215
319
400
411
364
135
332
101
420
266
19
244
329
267
406
391
409
387
417
318
189
73
423
49
142
383
152
145
298
163
462
135
88
92
209
264
374
157
87
43
410
306
301
264
84
399
323
28
46
474
341
221
358
131
63
138
380
364
346
475
256
58
333
201
311
179
211
448
39
337
428
274
412
223
144
267
123
485
309
101
207
150
91
402
85
72
256
421
341
260
349
325
279
361
131
414
427
170
301
273
470
475
260
228
215
283
39
53
299
199
210
156
9
452
53
100
423
305
273
335
476
143
353
25
351
127
267
100
100
371
367
268
48
402
388
469
30
67
384
367
434
78
483
456
348
296
390
300
399
267
331
477
377
69
419
104
442
298
190
267
310
462
254
335
197
482
332
417
117
452
90
33
77
20
121
119
202
318
92
120
315
112
399
476
18
319
151
248
492
165
151
86
100
212
350
219
431
297
134
469
189
428
36
343
87
459
351
317
300
362
151
62
403
313
130
264
208
410
63
90
207
227
251
374
274
106
354
212
49
194
354
160
107
102
127
173
178
465
318
125
395
330
97
337
266
28
489
314
202
51
169
86
67
348
442
293
53
84
447
202
106
149
316
242
77
293
167
18
400
162
310
390
54
173
336
124
89
330
97
155
153
218
244
154
330
78
489
455
421
194
345
410
352
132
184
40
440
377
263
43
158
493
29
7
232
384
161
495
451
154
310
114
130
440
32
