1000 2
87.0998 37.3786
81.6685 72.4021
101.368 35.3941
64.9631 26.7796
86.5853 38.3561
45.5974 81.607
93.8463 82.1982
87.4094 35.8209
92.7989 25.2676
85.2117 68.5345
93.625 74.0298
88.1537 34.694
92.0371 42.2033
91.6084 35.1641
91.9113 67.4273
53.5452 37.4785
83.4381 37.3704
5.59378 53.3718
92.6309 35.405
91.5402 32.4573
95.7655 38.3985
96.9146 76.1025
76.5524 88.909
89.7015 26.8952
86.7626 38.4233
83.7634 30.0742
81.3077 84.9869
90.4362 42.2289
96.1223 78.1798
50.6867 79.2812
86.0637 73.6681
98.7293 75.6499
87.1136 29.5813
76.8776 84.9791
88.9744 87.8653
80.4506 90.5357
93.0304 36.0303
85.6539 31.5302
84.4809 36.2121
92.8575 31.0585
91.1907 36.8793
57.6322 0.933422
95.7611 99.4365
72.8011 31.6792
102.92 36.9338
88.4457 94.1634
82.2865 69.6131
89.8511 82.4832
85.2503 85.9884
26.365 35.1103
77.9151 74.0366
73.2005 83.6289
26.0598 78.235
78.2881 66.7433
89.618 77.4965
101.378 73.3975
89.3281 38.8842
88.5227 75.0171
93.7459 79.1
91.4278 41.0017
70.9373 79.8811
81.2645 69.2406
84.8089 37.4182
85.3151 37.363
85.7479 80.0939
84.46 71.9121
102.009 34.4095
57.7662 23.1609
92.8904 37.1658
53.6351 5.13474
85.206 73.2217
95.6634 85.4511
99.0082 27.7176
95.7297 73.5462
86.299 37.113
27.7248 48.3208
93.4785 70.7315
3.47217 53.087
94.3732 35.6903
26.2957 4.79443
93.1603 86.0015
85.3294 73.2949
19.0962 34.4922
55.6158 9.66888
82.7952 78.8805
96.9145 77.0469
82.1713 27.397
68.7651 1.96021
1.6748 13.7974
94.3024 75.3628
87.7465 33.0977
93.8994 79.3529
80.075 22.7588
83.2985 76.6295
92.8868 76.1326
92.5227 28.4871
13.3525 62.8439
90.8109 25.4094
83.6381 67.4419
82.4862 78.8818
91.8277 46.4815
90.26 32.908
92.8553 31.1393
84.7053 23.0591
85.6672 85.0554
89.6722 43.0622
85.7713 76.7739
82.3593 66.0716
89.4098 70.1602
95.9347 32.6655
65.005 86.6534
84.5693 35.5701
3.26192 61.1528
83.4869 29.3531
80.4306 66.4365
90.6206 35.4352
8.00949 43.518
94.8627 29.1465
90.8651 33.5008
88.8153 67.1836
93.375 29.1877
84.0256 29.8228
86.2358 77.8381
18.8577 62.9938
3.52468 52.121
79.8652 77.7331
80.958 36.2281
74.844 74.2724
92.7004 26.2778
3.87192 88.3986
95.4344 31.9068
77.0733 83.6831
82.1799 40.4565
73.8084 39.9856
72.1923 76.9002
91.5712 40.0022
85.7944 59.3865
8.58171 95.4414
85.5862 44.9685
92.8892 40.1129
83.8035 31.2671
90.4895 33.0375
76.6525 75.1286
89.2874 38.3171
96.0951 76.1962
87.3437 75.1434
93.0444 35.3016
87.0897 68.8632
78.3745 33.4414
90.4285 32.9749
91.3283 76.0349
90.6851 38.0668
97.7861 76.6208
61.0635 24.0069
82.1682 41.6271
86.1223 71.2139
20.2838 56.7975
94.9189 38.6505
97.4131 22.5263
89.5417 37.1266
77.8828 70.7435
38.0531 64.1116
88.2744 35.7382
96.2037 35.5432
94.3121 33.057
90.3647 32.4584
93.4672 32.9325
34.7752 35.712
88.4479 29.8916
88.0318 81.2801
68.9355 17.6842
82.6027 82.1218
27.4748 59.9204
30.0445 22.3304
37.5074 96.974
85.3492 75.523
90.0637 32.9132
76.5916 91.7549
90.3956 33.1716
29.9396 93.7499
98.4739 38.233
82.7721 29.1228
90.4324 14.2253
85.6993 77.5962
87.073 26.9731
79.0445 28.6639
35.1751 73.5756
86.7342 30.6518
84.0401 78.5321
87.2823 65.8806
98.0676 58.4948
94.6904 45.1119
87.8114 38.3204
91.5973 38.8839
59.0684 71.589
83.0689 79.6162
88.9642 87.2896
91.641 35.2136
84.8018 28.142
88.6945 36.5183
83.7209 0.836882
90.1224 41.335
84.5665 68.1286
88.8476 41.3744
89.3371 31.0064
31.0828 48.3513
85.6237 77.4337
91.5895 41.217
90.0538 28.0066
94.5595 29.3694
88.6312 70.3135
95.2325 88.3494
74.3502 66.1218
78.0153 71.2372
90.7609 66.1754
93.3562 43.0087
80.6878 77.244
85.5186 71.0035
88.8182 36.389
90.271 31.3143
86.718 67.6181
84.093 31.8604
91.5273 27.1034
82.5136 88.2503
90.0054 34.7567
87.9624 28.2206
82.8909 64.9907
84.6259 37.6111
94.6614 34.5879
92.52 76.1832
52.7665 85.0074
36.4971 11.2302
95.2809 45.3187
69.9405 69.7371
85.0801 68.0246
96.476 69.0744
74.5188 69.0184
98.4996 84.3169
79.8383 74.2833
36.8749 44.3563
83.9568 41.1484
90.3396 79.5513
82.3622 69.9747
80.5228 69.3954
28.0464 13.3981
48.4144 31.3838
0.296256 23.8809
90.6296 68.2784
45.2869 45.9524
77.6555 74.0059
82.816 30.2399
18.0434 75.1866
84.9931 73.7259
48.1616 69.4222
85.8525 75.2418
93.5767 33.8081
72.7057 77.8305
80.6451 77.8465
98.4086 71.6605
87.8902 39.1166
44.9102 56.0868
92.1118 32.33
92.0376 69.7678
78.9638 73.5837
99.1808 31.5713
90.2605 70.8078
81.4063 29.1343
101.195 37.9472
36.1106 67.0552
87.1828 69.2416
85.6513 71.6775
74.8822 61.3522
92.9952 34.3032
88.0466 79.54
92.407 35.475
37.5868 40.5681
96.2752 78.1267
91.2549 62.4304
88.6772 30.1784
85.0483 81.8162
86.1548 70.2398
86.605 77.8663
98.1702 90.0901
85.253 34.5816
86.9179 70.5852
73.418 74.3487
83.48 33.8185
98.0352 29.3413
93.733 43.7648
88.3749 31.7336
97.4594 40.7686
90.2629 40.0674
81.9347 29.8215
83.3782 74.4379
86.9717 32.2447
86.366 78.449
95.5604 36.7725
87.7009 80.6519
72.3616 68.8347
89.564 28.5198
90.103 69.8643
93.6178 47.4344
82.0013 71.6062
88.7228 34.2514
56.8199 38.2941
87.2205 77.0882
33.6011 95.1138
95.2997 73.3608
93.7239 8.16489
94.875 83.0308
87.6759 40.8637
89.3973 84.3053
17.2777 71.3271
92.9398 79.9604
30.9161 69.7389
90.8013 33.5584
78.7924 66.5931
84.3191 42.6046
81.6412 82.5918
93.4734 61.2688
90.4105 25.5031
86.5669 40.9274
86.9106 38.2767
85.717 34.7381
89.6302 86.3459
89.7418 71.4223
93.8736 83.8406
12.4746 63.4282
88.7853 30.5558
85.8819 32.2086
91.2777 35.5437
88.8504 67.9413
87.4349 36.0376
35.2516 57.9003
91.4969 40.3368
89.0814 77.1504
43.3361 14.7788
82.4106 73.6879
98.5555 70.992
76.4981 73.6045
35.0644 93.6592
90.5148 35.9134
94.0658 35.241
83.7094 69.3241
82.6531 73.8477
90.1244 75.2953
83.409 70.4718
87.4177 30.4043
84.3991 77.6639
89.8244 77.2876
98.7747 68.5783
91.3245 33.3665
86.9128 41.3221
10.5279 59.9999
69.0735 97.0022
87.4273 63.4437
86.0984 32.1518
98.2848 79.5697
96.4429 43.6958
98.4266 30.1843
86.6945 28.1081
78.1667 70.6625
94.7212 68.4789
84.0464 73.3371
95.8585 34.8622
93.4886 34.8578
90.3104 77.9283
63.3329 40.1423
82.7733 99.219
90.5013 6.36232
91.2189 54.1624
89.845 76.8015
80.7544 59.2581
87.775 32.4389
89.1355 83.2331
85.6467 41.194
87.041 34.6171
97.3722 91.2619
77.2077 69.9037
79.5352 70.5345
74.532 73.3987
84.9195 73.0429
76.308 42.9675
92.8236 29.3229
56.2516 8.91938
88.3218 71.2962
87.3116 59.704
91.5153 75.6093
80.0995 68.6432
86.9923 35.7587
91.6626 35.7879
87.4104 35.3291
92.6599 67.0899
53.8919 14.6925
89.9188 30.0591
85.8478 38.9488
93.6245 40.0654
90.977 70.8668
90.5853 76.6601
80.9215 35.6779
73.0236 75.246
93.2197 36.6177
93.1179 6.71827
94.0063 79.6554
85.4688 30.4354
72.0544 87.0581
81.7862 73.2321
81.9818 69.7629
83.3758 25.0091
90.4333 40.6428
96.8639 79.2525
85.549 34.9402
93.0712 39.1254
92.4413 76.3403
82.5039 77.2382
17.2971 85.878
79.7301 78.2004
30.6248 32.5068
99.9219 70.7212
57.6563 88.7081
82.4185 84.0646
82.5441 37.8713
84.8171 75.3225
88.2532 40.5459
97.5508 79.3925
97.5965 32.7197
95.3463 5.62467
25.5189 57.5811
86.3384 42.9571
87.5629 32.0676
90.3669 39.1864
89.4082 76.7192
82.3292 81.5396
40.7619 6.76547
86.2398 78.1251
95.8675 61.3973
74.4435 76.46
89.8368 75.1112
91.7128 35.5159
94.9784 29.4419
93.6965 72.6645
69.2949 99.9291
94.103 43.8354
80.2091 77.1043
57.8373 51.3204
4.80723 65.0765
88.3057 23.6589
97.5638 41.216
96.455 23.4721
88.7287 78.2286
87.5901 39.1288
90.6763 38.44
81.7595 77.2331
98.285 71.4125
96.4033 27.5362
93.1141 74.9735
98.0422 65.0203
84.2902 23.9125
98.4205 3.7995
90.3522 76.9983
63.0459 24.9462
95.0164 27.5444
84.4899 32.9958
86.5459 29.644
92.7712 33.3402
89.1272 76.9983
84.5543 34.7163
88.1232 38.481
91.2759 32.5327
93.5511 32.7987
6.11139 86.7741
82.9341 61.7194
86.2168 82.8089
48.4501 31.1114
84.0379 60.8075
85.673 73.5666
97.4218 76.6751
91.5123 32.8123
95.9379 72.8454
2.46118 27.2025
94.8377 39.9955
91.2116 74.3067
86.1647 41.4562
87.3369 28.419
88.7057 74.32
90.5261 36.9496
85.9133 82.0492
88.4438 83.4863
85.2789 83.7064
90.7727 20.3864
96.2017 29.2945
81.9866 78.5559
88.9558 74.16
76.128 96.8875
94.2338 35.524
90.8263 48.081
97.4045 7.35213
75.5949 41.8238
89.736 36.1947
82.5173 66.0568
52.249 0.232479
82.5647 68.5827
90.3554 37.4279
82.4462 72.244
88.2062 33.5825
86.3983 36.5963
87.0813 32.7691
79.0544 78.8168
89.0297 86.1036
88.8829 31.9697
83.6453 66.5664
42.4375 23.3926
87.1068 30.8508
93.0556 42.2824
85.1408 58.2145
85.6743 33.1787
5.54736 51.3082
85.9116 80.0639
91.4507 70.0589
86.6944 32.3552
89.5693 31.5355
28.2111 2.59465
88.8784 74.1857
94.3789 36.7341
93.26 73.7518
92.5406 66.3632
92.8582 81.6367
91.1924 74.7204
87.2372 29.0099
70.8395 74.3353
1.82501 17.3582
95.8323 33.0301
89.8968 41.6226
94.1001 27.7303
24.7 62.808
82.2859 40.223
79.9283 81.0009
79.6146 89.2083
90.4783 35.7684
86.8176 39.2676
33.3984 36.6776
83.5553 33.6889
90.718 61.7308
91.5595 44.2702
94.9708 24.7551
88.0079 71.1241
87.5222 71.7337
90.2602 34.6936
89.0036 32.2308
84.5297 33.484
90.0317 34.8471
29.3568 14.4639
78.0446 77.4589
85.2746 80.5718
93.4353 69.3676
72.7663 77.7391
93.7028 40.0544
79.8616 16.435
93.1909 92.975
84.0934 78.5855
83.4105 30.8686
85.6916 30.6557
89.8551 35.9728
94.5053 72.0833
93.8817 65.8528
88.7567 82.6059
81.6242 71.9679
88.9431 32.2125
86.0091 40.3644
47.3343 38.5483
87.0629 86.4498
85.0005 22.9205
90.6102 30.7183
24.9847 14.3976
86.6435 66.3214
80.2015 97.6737
92.9277 33.1853
90.2051 35.7428
85.9073 86.3974
93.8776 39.1613
23.7282 94.8226
91.9937 84.6417
95.5772 34.8192
97.1913 63.3102
89.9427 36.3918
81.6007 77.5384
97.9812 34.2209
83.0728 76.1694
98.1895 36.1759
85.2232 31.2897
95.1424 72.8154
88.4503 80.9848
87.4303 33.8603
90.8291 34.6155
68.049 21.8778
28.3074 28.2432
83.1667 75.4619
75.8393 90.5858
43.8759 59.6815
76.7212 49.9644
94.7299 37.222
88.0603 24.4751
61.4364 81.0135
85.5924 80.8591
88.948 36.0122
89.9708 29.7561
74.9356 80.4736
93.9982 73.4557
78.579 40.8753
92.2662 38.0907
90.1054 68.3087
83.2533 81.2568
89.6645 69.9343
81.5799 67.231
81.5993 85.7306
92.4464 35.3334
80.9303 39.7897
92.7501 28.5323
87.2785 94.4309
98.7304 83.8424
92.6585 39.9326
96.1296 72.171
89.3175 75.5962
93.495 33.0736
89.8808 35.8689
88.6455 80.4094
83.8734 76.7604
93.4151 68.8366
81.3241 41.0346
90.9749 25.5263
91.5464 41.631
89.3536 36.4967
77.8082 86.2532
97.8455 12.5553
100.172 33.0895
2.02877 79.293
90.3779 74.1199
85.5791 35.818
88.1413 66.9822
82.3441 76.5226
82.856 32.9466
93.7567 33.837
90.7228 37.0632
84.6587 40.0192
84.773 38.2177
74.8689 76.9039
88.1713 80.5641
91.7236 39.3143
79.6542 20.5385
91.7247 35.1311
86.521 68.3032
80.13 78.6874
95.0458 31.5875
89.4449 29.8603
85.837 73.9588
45.781 67.0995
87.0506 34.0373
83.7378 29.5525
97.302 36.6514
20.6113 46.4089
84.2168 88.5084
50.7197 58.5104
86.9559 79.0404
87.4131 78.0506
57.4233 1.34235
91.7125 81.5806
95.2283 26.9521
84.3164 76.455
92.5801 35.902
92.6687 76.7054
96.174 62.7588
80.4085 75.4971
49.6825 7.11137
36.8764 55.8056
93.8774 27.5364
85.8292 71.5007
89.4942 66.8385
89.857 73.2473
35.939 84.3032
101.337 83.0766
79.0285 27.8198
18.7304 78.5801
87.9765 30.98
85.1377 71.2946
97.6599 39.7064
81.2211 27.811
93.7382 19.3231
101.629 72.4685
90.8858 41.9689
72.7699 27.5236
73.7013 12.5567
84.9524 36.065
92.5021 42.8158
88.8082 36.2023
84.9571 76.8504
71.2334 62.1828
81.6936 32.7867
96.1052 38.2156
97.4004 40.2263
33.4462 17.5477
90.7654 79.1106
91.7001 1.23291
101.098 74.5699
47.9884 55.4712
84.1823 73.564
90.8542 73.2474
89.4923 31.9415
93.9866 1.70214
86.2254 39.2529
82.8854 73.5531
54.0863 26.0197
79.675 70.0861
22.6822 81.1446
47.639 50.2117
60.1583 55.6162
87.1091 39.1936
97.3356 73.7589
87.2845 69.7348
9.93249 20.8552
92.8885 33.0403
94.5985 29.584
93.8238 44.1103
86.1701 99.8304
91.2648 66.5266
79.5813 78.5487
96.6711 34.9119
87.4295 36.16
82.7069 30.154
92.005 33.713
84.7325 43.4038
85.012 33.2719
86.3048 31.6066
32.3992 22.2282
89.8857 82.2033
97.4924 80.3214
105.032 56.3785
93.9356 90.5676
90.5801 70.3747
92.5336 98.5972
88.6355 30.8177
83.6069 65.1795
94.5122 24.0658
86.455 35.2848
85.2805 80.4532
24.852 98.0963
84.4513 74.9956
88.265 28.452
84.8406 35.3618
90.7364 75.5918
91.8612 30.0521
87.3767 29.7018
84.5274 67.7388
84.483 28.4722
88.1587 37.0884
88.9547 38.4192
7.50553 65.7713
105.885 71.3215
92.4498 31.5175
90.3486 62.9675
84.2133 44.9895
98.1022 82.7849
86.1065 37.2801
80.5219 72.9975
81.6799 67.6405
82.0911 68.5033
84.8999 84.2993
87.222 34.7001
11.0595 68.2481
87.9813 45.3601
84.9501 33.4693
84.3346 71.8891
83.5395 41.428
84.813 37.5164
52.7411 53.4351
78.9664 59.7519
93.8588 29.2603
90.0787 73.4312
43.5111 78.3252
38.2243 3.46307
69.3636 71.6334
86.6436 84.7849
89.8821 67.311
60.6819 5.41249
79.4507 36.6326
89.1927 67.8153
97.7498 81.2006
71.5498 79.3971
85.0213 32.8054
92.0052 32.508
84.9737 73.5652
82.5778 68.0216
88.0474 31.1503
93.968 40.2892
86.3268 28.8736
90.7912 42.6668
93.5099 83.0417
89.8677 34.6954
87.8877 79.3602
87.5022 67.7888
83.3844 51.32
85.1119 39.8507
99.1943 83.975
82.941 43.4361
98.7419 32.4045
93.6189 28.1811
79.5746 68.3939
85.4238 37.9286
86.4814 84.5142
83.039 71.1307
94.0586 37.6502
91.6063 69.5874
87.549 36.0131
88.8662 39.589
6.71999 89.0319
93.003 71.1451
80.0572 33.2403
86.4138 30.5086
89.529 61.9412
87.4403 36.1349
78.1245 54.6964
84.0197 74.4315
92.3323 0.527108
93.147 31.8141
88.1835 40.9095
1.34233 70.2824
90.099 69.2806
84.2965 69.2934
89.0059 34.6512
82.2467 80.9409
86.5876 31.848
93.5791 36.7331
91.4128 71.4154
85.8229 74.8032
19.6908 15.0167
21.4727 96.657
81.9174 31.8016
79.2163 73.8926
83.6162 74.225
87.4655 31.5853
85.6924 74.4376
101.449 87.2152
94.2678 33.3207
78.1138 38.1059
88.261 34.3542
92.2425 89.4636
57.4503 69.985
95.2292 76.5717
89.3066 32.6717
101.391 67.0704
69.3597 75.7555
93.8601 31.7652
86.0144 82.7931
70.1491 84.8513
93.781 50.4288
92.5419 67.029
51.5668 86.5446
89.1387 70.8457
85.1778 66.2986
84.8648 71.3848
83.5831 75.9107
91.3273 35.302
89.5877 39.8256
85.7428 82.4088
99.2376 57.3504
83.5463 32.548
91.0829 30.8719
95.791 47.3485
93.3567 73.3081
94.5514 34.9013
75.5243 76.785
94.9623 73.6591
36.0719 39.6104
88.372 34.6224
87.3772 73.3628
96.491 29.2977
77.9127 89.3954
84.4336 70.3187
94.4885 39.1648
83.7594 33.108
89.1476 68.4093
71.8696 73.7485
97.8786 76.8167
92.1105 47.7944
85.5996 35.9516
86.7962 78.2903
93.6893 63.6114
82.3903 85.9919
92.6086 37.243
96.9839 69.0747
86.5626 34.0205
87.9718 76.9551
85.0141 36.0397
93.3395 34.7739
80.9102 0.0678527
92.6832 85.9801
78.3294 24.8908
95.591 81.3093
98.9159 12.2007
35.9238 97.7564
91.1045 26.5892
86.813 38.9403
84.0173 38.1836
92.5212 81.5739
96.9114 37.7023
84.1801 70.2961
85.8886 35.5009
93.8207 35.1967
74.855 92.497
87.3554 78.25
85.4636 74.1707
86.327 67.3525
87.7498 79.3569
82.1208 79.6593
84.4937 74.9888
92.7552 31.942
78.3718 28.256
88.4778 76.1649
75.7926 74.8579
88.7156 21.1343
86.8832 25.6412
73.6158 70.1197
69.423 85.639
86.8797 81.8628
67.192 52.9587
97.8232 60.043
10.585 39.1409
59.0517 35.6215
86.7556 74.1264
44.5003 64.7428
91.2985 80.7683
85.5503 63.4079
91.389 71.1325
96.5938 21.4094
96.1415 34.1596
97.3012 37.0656
91.6946 67.1728
87.4929 77.3462
90.2744 36.6215
47.7359 46.9048
89.3036 42.8608
82.765 36.4627
59.6913 70.9644
78.5044 42.0103
81.4661 71.8044
33.7393 11.8401
85.9137 36.9831
81.9773 37.7891
99.3553 80.352
84.0888 78.8219
77.4419 69.2303
31.3033 27.801
91.6011 72.3234
91.2741 26.5722
80.8891 93.5326
85.2689 85.0593
85.9371 71.7375
80.3495 74.7529
87.902 72.6362
102.805 26.8283
83.3504 78.5127
86.0837 75.6065
89.069 70.6646
84.8376 79.4703
90.6434 64.5665
82.7601 36.9659
7.61767 55.234
79.3684 32.7069
96.067 69.7814
89.4043 56.1438
91.9328 34.6349
47.5382 74.2031
79.7807 40.6081
88.6468 82.4249
90.0909 28.7002
86.0105 36.0311
80.0504 79.8964
67.9477 90.0412
89.5248 32.0608
90.0292 82.0006
28.8932 79.1291
91.1705 73.8235
87.2327 75.1323
79.4643 35.9284
73.111 64.4704
88.0244 71.8497
77.0756 31.3931
92.2096 31.3221
88.0916 33.6539
73.3436 36.3877
95.2605 75.7388
80.3588 83.9252
90.0023 33.0928
93.2774 35.7501
11.1509 45.2412
88.8717 37.7058
89.914 33.8583
94.4728 34.4652
84.9289 69.9542
76.145 47.849
86.046 81.2171
