5000 100
75.0194 92.0612
55.5558 89.7677
52.9451 60.2188
75.7949 32.5326
45.9919 10.1541
21.4692 4.92093
91.6572 46.6501
27.959 13.6309
67.1774 41.9715
42.3355 51.1087
52.8723 5.54258
17.7288 7.22215
40.7269 75.6249
82.0727 56.2669
90.7329 82.0222
73.9265 6.57985
34.6334 32.7461
-0.753719 43.975
22.4577 15.3556
92.1119 6.67578
77.3476 41.1292
28.1477 57.0495
98.1927 58.918
101.032 90.6034
22.2767 97.753
17.7525 42.8659
35.0342 59.1509
28.9464 15.1531
18.849 22.9543
58.5606 85.461
7.62244 93.9471
77.569 92.738
5.50527 89.4225
10.4204 102.232
99.8135 47.4376
47.7602 101.645
2.58746 79.2473
43.2258 63.5563
95.8988 54.5766
32.643 27.1466
85.3725 36.6493
45.4554 76.495
90.888 90.4913
68.4214 1.77106
73.7493 75.637
38.4341 35.3416
31.0594 56.5779
29.1098 12.8823
82.8403 79.8234
1.6251 38.9429
87.0011 24.7276
19.4006 41.5721
9.97 50.8806
87.3752 79.0387
50.3163 27.6919
46.9108 7.26974
73.2803 -0.300252
88.9753 64.4325
14.8347 88.0992
80.5588 92.5448
12.2981 105.634
16.3137 6.3274
3.12387 89.5435
31.6242 67.9828
56.3769 20.2263
87.2089 14.1716
70.3231 94.3415
9.30583 53.2085
97.5162 12.2584
35.6424 41.6333
90.316 51.2479
59.3813 75.2286
5.84169 41.3093
65.0421 67.8685
73.8049 99.3766
92.172 86.7039
52.5571 33.1942
59.8753 19.6899
0.636392 49.8996
48.1153 14.7413
99.4617 16.4719
-0.377261 37.6028
77.7688 90.7232
40.6814 29.8728
21.9344 47.7885
3.47254 45.0651
20.7098 12.2408
76.9466 7.91875
-2.77808 6.0711
58.7655 69.7031
65.531 74.5296
89.85 24.506
36.0363 74.8461
93.1318 73.4444
70.8133 79.2172
94.0905 24.0598
100.169 64.3536
79.3773 73.6174
85.5357 41.5866
11.2821 64.4117
93.1069 8.04835
70.2275 2.4597
99.937 44.0054
45.4303 33.9809
42.7411 78.7569
45.2099 4.31836
5.74153 55.9387
1.59914 38.6309
97.3693 28.6938
6.44944 75.1945
65.5372 1.71005
23.3188 24.8337
51.2398 4.27059
12.3915 48.4656
69.6759 11.4488
2.96552 44.098
67.7651 70.8623
25.0247 57.5824
28.4371 71.2153
13.1584 68.5471
-1.77494 6.45759
72.0095 94.5192
13.9584 84.3141
73.7444 93.4772
7.19774 20.6048
108.13 88.6966
17.6039 65.8609
25.7421 74.0427
32.0214 27.7062
62.6694 97.7231
49.7436 27.6478
6.96443 17.2301
81.5134 47.865
11.1562 15.4171
28.8538 52.1638
101.417 37.1923
51.9553 65.1637
65.5976 1.55924
100.432 17.0428
60.3984 67.824
34.5584 28.8708
3.50005 2.98573
56.6463 17.1963
68.6765 48.9591
72.6902 98.696
57.6814 70.7427
79.6207 72.6982
98.6452 9.14654
90.6934 12.0616
-10.5494 41.5561
16.866 38.4566
57.9971 68.6346
-0.723105 39.2304
13.8889 14.2225
33.9246 49.8943
49.0504 94.6915
83.9505 27.742
31.286 57.9214
32.2461 60.4099
60.8258 90.5759
85.1538 77.4518
81.7929 87.4252
24.9043 92.1563
20.2582 98.1272
9.01274 42.7871
69.3673 -3.31135
62.4754 16.5664
13.2667 93.4766
13.1085 14.1818
-3.68139 42.0376
70.6019 87.3194
11.1971 48.6298
73.2832 95.9999
78.0624 44.9282
94.1268 44.456
21.494 36.3975
49.2401 27.1035
73.1066 62.4272
19.4738 92.0471
87.1069 91.7836
12.1736 70.5274
50.2854 53.892
33.3682 56.1138
-0.0709989 102.582
82.6582 30.2934
11.3132 44.1229
71.1161 61.4931
54.2646 65.2056
53.5984 63.5832
65.4014 -0.793843
51.7705 57.1806
6.09507 46.4696
69.2668 -0.760969
27.8107 39.112
71.3885 13.7772
47.169 98.7104
23.601 92.8635
38.0336 81.2688
104.306 65.5662
40.5812 75.8573
68.9216 8.54715
91.5219 40.458
89.0086 51.0007
46.7665 31.0214
48.435 71.502
10.1694 51.2506
79.1177 76.406
89.9299 99.8356
94.0938 7.87782
81.4287 101.359
-1.72186 107.421
13.7901 27.5917
66.0243 63.0299
92.8422 83.2967
79.6315 75.2186
6.23027 79.0318
4.43334 5.72116
1.6925 41.087
55.8174 85.6141
84.1692 26.7546
54.6806 14.547
51.0961 65.1188
53.8633 21.8848
4.15564 18.3519
51.1305 13.2925
53.4178 35.1757
46.1373 34.3459
60.9049 2.28782
69.8925 73.0683
59.8948 86.4366
64.2342 42.31
13.2537 95.7859
17.9231 97.4555
95.2815 90.2191
3.58061 80.7666
99.8895 78.1977
39.3147 30.945
43.4056 57.8312
59.5555 72.1821
60.131 15.0832
47.8407 98.684
65.1717 6.66243
84.402 32.3375
91.8664 10.7043
79.983 48.2721
12.9137 55.694
10.9405 81.4383
12.7571 25.0841
-4.12518 108.271
43.0483 46.356
60.624 86.7474
28.039 70.1929
80.8563 78.6525
64.1352 9.16443
43.8988 34.9099
5.51649 16.078
15.9947 52.0987
98.9883 91.736
96.048 4.56743
43.5584 46.3555
73.8054 83.2519
54.3524 66.5633
65.0245 98.9875
44.2065 38.9023
81.6537 28.7567
28.7442 61.6442
65.4171 69.0529
32.6935 79.872
55.2678 56.9317
44.598 41.6108
22.9818 101.468
30.4888 72.6043
61.0902 26.0606
2.88007 41.2246
87.1717 54.5229
28.3694 72.0415
58.6 64.9537
56.9046 17.4372
51.4989 44.2173
56.977 70.0394
4.03733 34.1854
105.78 5.6048
16.1711 97.4136
66.2404 19.0793
81.4192 60.1053
14.1202 84.5909
89.3508 98.3876
85.3392 70.4746
92.4679 16.0329
37.5081 59.0994
64.6021 95.0749
94.113 102.308
99.2685 59.4667
55.0551 64.0655
79.7248 44.1452
8.20479 47.2224
98.4439 93.4469
41.2578 55.6362
28.041 68.0518
96.8139 64.7816
4.82427 16.158
26.7965 70.588
38.4148 64.1313
77.3916 13.5345
32.9482 97.6862
45.9078 27.2946
31.8279 104.2
45.3455 84.438
66.1141 17.705
50.4053 61.3196
52.2568 62.6306
2.14853 105.864
15.671 40.0176
-0.671218 59.0313
9.08315 41.1113
17.0148 91.0209
25.9929 51.0699
16.1905 27.0586
48.3734 77.9771
59.4424 66.0949
86.4382 68.5216
-1.91525 25.5735
32.4376 44.7037
70.1785 25.9111
73.5306 33.1012
85.3339 9.46916
52.5514 32.6467
96.0724 51.1182
6.54232 67.3798
102.378 87.4979
9.96432 48.7381
65.1237 90.8175
26.6437 32.2699
55.0347 55.0286
69.1071 33.0861
38.459 31.7197
89.1042 23.2355
39.323 59.1453
52.4327 31.4112
90.7272 15.0509
22.965 72.8466
10.8933 53.3648
75.5237 5.12591
30.5268 56.5313
78.5072 40.7533
17.2179 73.3621
55.2765 28.5307
55.3876 87.6296
50.6154 41.2063
87.3347 87.7079
85.1413 71.3708
53.6532 16.6301
51.3483 93.8786
66.2124 49.9048
54.3687 45.6009
66.2352 -8.25864
20.1631 14.3643
79.9513 72.9624
32.2321 65.7888
10.0672 63.6657
83.3089 43.3408
2.65022 42.3127
6.36001 84.9784
33.2307 96.6894
93.8955 67.8144
64.2068 10.7142
37.9942 11.899
84.1111 70.473
19.1116 15.4801
58.5698 48.9192
74.6786 34.9186
42.8806 58.6506
56.9163 60.825
60.9447 106.81
7.03835 40.8531
31.4543 67.8002
34.3137 66.5168
33.0564 49.7473
91.7284 3.16384
67.8206 87.432
27.0648 70.0768
41.682 98.5467
14.2974 15.5049
52.0597 57.8053
72.7593 1.18815
55.7029 89.902
52.9173 101.602
73.4434 76.2016
24.7154 6.39974
20.136 17.9247
31.467 15.1529
27.9888 91.9173
88.4001 75.8665
23.8574 45.021
67.6206 43.1464
80.4532 76.8592
73.29 33.6538
69.5824 2.30125
11.8433 97.4264
1.30155 16.2377
54.5199 36.0294
19.6901 44.8797
6.72024 40.7824
1.83848 8.82822
21.1337 38.4281
42.4032 33.211
50.6957 33.2427
93.2463 64.0953
34.1216 59.2619
-0.824826 1.94208
71.819 56.3706
68.7441 76.1089
24.6654 69.8833
101.352 47.6986
66.0247 56.1479
-6.40216 58.3162
1.78884 37.7017
41.7448 98.4527
0.691005 10.864
13.1767 91.966
10.2123 94.7178
67.7533 22.0316
40.6916 60.7601
16.4879 57.5193
35.7527 8.97638
36.3676 82.2248
11.2381 54.9034
7.27002 47.2406
21.579 68.1022
50.7336 54.2911
74.6954 37.9763
9.14572 90.3026
50.2715 24.6518
37.9992 81.7366
46.2451 34.1077
64.6526 15.9767
92.1729 14.1026
76.6461 63.3284
0.302679 30.9003
-1.39085 40.7907
16.1141 26.2745
60.3366 69.4032
104.229 61.0059
20.3553 22.9734
23.5497 64.3301
50.0867 11.9595
34.5149 10.2416
37.4674 11.0469
30.0434 42.1759
54.8207 13.9051
48.0133 11.0788
77.538 68.1315
37.0492 54.749
79.2423 72.9437
22.1624 45.0117
24.6635 6.14213
9.38862 41.8189
67.7431 25.686
76.2337 76.3298
6.89442 92.1406
6.89014 14.0431
65.966 17.713
91.2646 45.9429
52.6671 69.994
53.6405 10.0082
19.2546 15.487
38.3035 96.4512
14.1908 61.0517
37.7274 95.9855
82.7972 54.9926
58.436 102.822
26.5563 27.3912
89.6149 17.0593
83.0924 90.6064
66.4065 84.7135
87.9579 6.05164
67.506 28.4963
34.9422 69.8286
72.4291 33.4946
88.3587 90.0288
55.6338 64.161
33.4898 71.6684
81.2231 87.8102
11.0963 95.041
77.4964 39.3509
100.452 84.6202
26.1485 30.5824
78.1292 43.3546
95.6041 69.0375
28.4936 56.99
57.6304 68.8233
95.856 1.77204
91.3665 63.1052
38.3667 11.1384
62.0818 21.0115
31.4578 61.4631
74.2356 77.1127
12.2431 18.9117
80.2327 8.27946
58.2984 0.892711
2.19391 15.5643
10.192 74.7763
107.597 12.3886
32.4429 72.8136
4.50209 90.1024
38.4117 52.9028
99.9399 88.2634
19.1969 46.3597
-0.605818 56.6777
68.1722 97.5018
52.0929 47.1487
29.4783 26.2147
82.1824 59.641
32.9751 5.62653
57.8156 83.9981
62.2134 15.7499
13.7603 85.5804
28.68 13.5
9.2254 82.4769
89.2188 79.3988
54.8887 51.6099
46.9413 41.2936
7.81693 69.2965
69.8879 3.73963
59.5342 51.246
91.9776 53.9704
63.3554 15.674
55.8282 5.81527
28.2791 40.3434
38.9716 12.6566
96.4739 26.0271
5.31769 62.1972
50.1338 31.9133
34.2235 39.0292
7.74547 94.2119
38.5855 96.1606
57.8964 57.185
89.4682 98.3005
94.9264 33.4209
34.6069 92.2705
21.4896 40.9389
66.771 91.984
104.132 93.2254
40.2681 49.2566
84.7203 87.1088
11.7109 84.0751
0.863551 6.10494
27.4149 46.5041
29.6843 67.7491
11.2679 96.582
69.1005 90.766
89.223 103.4
79.1481 40.2112
61.639 38.7038
-1.09618 61.2595
93.4615 27.1546
96.7314 83.3885
40.4742 35.7511
35.7782 34.7465
93.3635 1.35356
70.4951 21.7907
46.6758 32.1152
92.867 31.9095
10.8003 102.349
66.9633 9.76713
40.6864 51.0974
93.673 48.6334
14.3062 62.1596
85.79 43.6521
17.6121 74.5482
51.3786 17.4144
4.70327 15.3081
18.0985 101.182
99.4149 94.0729
95.5361 78.31
43.8408 57.6137
11.4577 83.3871
89.1191 81.0724
100.869 54.5515
99.568 39.6979
100.842 0.462676
82.4083 31.2766
101.213 91.1385
52.8029 8.66036
15.7391 12.7902
52.1098 61.6912
9.60215 67.3617
25.7538 61.512
-1.12545 61.0797
40.5048 28.5841
87.1328 46.6684
47.9487 29.4478
65.8251 -2.05351
85.5939 92.0673
2.73642 50.303
33.0502 55.4156
28.0125 94.0957
23.1086 76.1259
84.9529 35.541
69.8203 103.68
50.5786 84.5326
13.5288 28.389
75.0604 20.2562
54.7592 28.1245
12.0899 65.5506
14.7347 48.4467
68.0678 53.0375
67.3602 5.3768
27.2552 3.05779
61.9923 66.7942
94.5464 26.6557
75.9799 43.1462
87.3035 77.4656
5.89944 20.3656
67.2963 34.9848
44.1514 74.3757
18.4868 74.6533
82.6788 59.3518
12.974 68.9949
87.2192 27.4791
84.1797 3.69796
6.32536 112.001
24.8736 58.6958
59.4682 89.0473
33.8099 58.3521
84.2046 97.5013
3.17071 84.9897
68.0982 92.0349
17.9399 90.0277
8.70427 92.4566
11.9739 82.7082
51.1856 13.1622
44.1822 39.6939
42.3771 26.6148
99.6696 84.4289
37.8073 56.5669
53.9928 76.3431
14.2601 66.016
11.5793 90.2288
41.6767 38.2583
48.909 7.80585
54.5428 92.2903
28.5956 112.011
54.8863 13.5436
63.1046 17.6414
27.6287 46.027
90.8708 42.2614
91.0666 47.2721
10.2861 17.1724
20.0688 9.26523
59.68 32.0662
15.0138 98.9505
17.948 9.6424
57.8599 48.7817
28.1851 58.8488
34.8607 32.6899
21.2753 63.3142
63.7251 75.475
12.0999 78.335
39.7108 52.3815
83.9943 59.1509
30.2823 92.0668
8.99979 5.53585
18.9421 52.1011
64.865 15.0251
68.2819 31.7804
89.5169 82.9515
13.1388 48.2498
6.30407 44.9114
13.1742 81.4677
17.9344 97.1281
15.498 37.4172
64.423 14.03
66.7701 -3.46026
68.5151 75.9191
12.6994 24.8887
61.9433 67.5639
54.7459 43.8765
49.417 90.9095
96.2102 39.8516
29.2394 50.5656
58.5168 13.5308
103.522 14.5823
13.5915 35.6997
57.1322 66.7202
39.8293 4.36333
86.1856 39.6245
13.3641 43.9594
14.3588 97.0426
59.2796 88.4508
6.27714 41.7823
34.0891 95.473
60.655 29.0741
15.2435 55.0732
60.3664 5.66417
16.0673 55.6287
29.7746 41.5647
48.5686 67.5617
52.0674 85.0163
97.0197 26.2012
9.72045 88.2715
75.7627 -8.39953
50.8791 10.825
48.1193 29.2756
29.4736 53.1456
11.8888 71.2236
48.8574 98.8227
96.0811 27.8266
52.3451 48.7961
66.702 28.0411
96.0976 11.8921
11.1929 67.8958
100.038 64.2799
11.112 82.7176
38.2074 81.1412
13.7588 97.13
9.42522 96.4761
70.8221 21.3753
0.556362 25.2779
67.3627 15.8549
84.381 28.7657
22.3746 56.4408
36.5416 51.6824
40.5613 62.055
80.089 83.3393
36.0535 18.0734
95.2848 10.9733
39.2262 33.5714
34.4662 61.3221
48.2677 56.9203
15.3763 98.6861
0.973122 82.0623
89.3983 104.249
-9.75429 113.057
46.2086 29.4205
80.3517 6.54554
37.8307 49.8608
97.1068 31.4792
97.6553 56.7234
21.149 93.8887
40.5304 11.4648
15.2389 6.78716
75.3035 31.3091
53.0893 55.5492
39.9988 32.704
55.4157 61.1255
34.9276 31.4876
58.7459 73.923
2.28314 98.0493
74.9392 43.4639
58.6641 43.434
17.2106 45.9807
87.5735 13.8251
91.2558 93.8809
27.2667 80.7706
10.096 37.3857
81.7968 29.7472
8.95412 90.8003
0.828679 38.3686
36.2706 64.0086
35.5478 90.3171
61.0581 67.2717
0.558957 7.8334
73.7771 1.52079
7.63724 105.324
29.1761 45.1775
79.039 75.357
36.7928 49.879
13.0529 87.6851
92.2249 96.6106
70.5902 87.2753
52.7669 8.91522
63.8444 16.4817
91.5265 12.0267
46.9693 28.3061
61.8526 94.2696
17.9324 8.42296
3.29379 78.6824
32.9314 46.9237
22.175 15.0276
52.0824 41.793
49.0581 33.952
20.3679 56.9556
3.52762 67.849
72.2219 63.59
91.8989 83.1303
93.5113 34.0532
106.355 74.325
90.471 69.2093
96.5085 17.7468
58.1883 86.891
61.8347 36.5913
41.0615 87.8073
82.0947 72.9356
95.5379 34.2823
22.4511 95.0496
76.7659 35.1909
56.4419 90.9609
10.0425 39.4999
17.5057 53.5103
29.991 60.3446
8.92298 28.2588
66.3592 31.4569
52.4097 60.4313
47.4646 54.4525
11.0236 24.1165
99.2645 81.9162
34.1486 75.5691
28.7505 65.4263
60.9837 82.5698
14.0582 66.4543
23.6891 74.4317
100.754 27.8906
58.2454 87.6303
29.5178 78.4585
88.0077 43.4928
6.30259 83.3301
57.2984 87.0988
28.5822 9.99082
77.1332 32.2643
51.1947 101.403
76.3873 57.4941
75.6598 70.1505
16.7236 98.0866
91.2126 37.445
27.3689 40.8132
35.5914 46.5825
102.034 71.6609
94.8551 26.55
19.0132 78.4413
10.5393 4.34041
2.49714 13.6433
40.2638 54.5585
53.9538 9.80772
21.3021 94.1789
69.2203 7.55511
98.6484 -5.97201
79.3318 54.1225
63.7803 91.8113
50.5485 68.7453
57.7801 48.1359
104.315 55.4408
30.1135 51.1101
35.9718 69.3586
100.652 39.2901
54.7335 11.8978
57.4588 14.4516
24.6748 67.8549
31.2136 60.5927
7.32762 38.0419
91.3773 47.8081
85.4469 71.0974
99.0179 3.9265
92.1559 99.7555
5.62738 11.451
31.9525 59.6266
44.5593 71.3757
76.3075 75.3413
59.0932 42.4173
106.239 79.4853
44.2214 77.9067
28.4839 53.0423
40.1155 17.3078
88.3419 79.8582
18.3856 97.761
28.1028 32.9505
18.6745 10.1877
48.9476 4.92163
32.1534 10.1565
51.6363 29.6208
64.8653 57.6959
71.7029 -0.300262
46.1665 31.8291
84.9045 53.0402
80.0808 66.2858
11.6505 93.5202
78.7917 90.7265
28.4661 53.1851
35.4761 56.9098
3.97523 78.5951
42.5482 18.6107
38.6148 65.3639
43.2566 71.8567
53.6177 15.8835
49.5014 14.2749
59.5402 30.7025
84.1929 44.2067
31.9191 52.0011
25.9293 19.7434
18.2389 81.2143
40.3195 92.2605
62.1728 63.5791
80.1213 13.9493
39.4101 63.7593
30.2121 11.2051
6.00915 83.8055
60.5153 92.3867
100.557 28.838
7.067 86.2217
9.42969 95.1858
30.8539 92.1536
95.5708 80.4893
73.3277 1.77497
42.3358 7.06787
26.1567 68.6813
59.9194 55.7842
-0.373474 42.0015
57.5552 48.0942
50.3662 32.166
42.597 75.8114
2.09751 28.0255
20.8121 55.7567
1.3904 80.8592
13.5563 98.5066
92.3964 39.9541
67.9386 88.3008
16.9235 19.988
50.5023 74.5138
17.5561 43.1713
10.8059 103.617
90.5346 86.7664
33.3561 80.1129
15.7674 6.65618
97.6605 80.8328
30.9506 61.7094
74.7012 52.9859
80.4052 62.714
43.0139 45.1009
81.1068 36.4677
68.6051 4.39796
21.7015 43.1142
61.9369 89.8544
13.4325 75.2313
38.0463 48.2617
60.713 95.7148
37.8416 72.9712
53.1854 35.2874
35.7359 60.5018
-6.24478 40.6988
0.948713 49.5034
10.9899 68.631
68.8319 35.3949
24.8082 49.5355
83.5456 76.6149
68.7888 30.1932
13.772 31.7182
31.4972 20.4384
72.4729 60.9314
91.4131 49.363
94.9967 102.178
6.75614 11.3203
9.66329 83.7126
47.8645 5.66652
-5.70769 96.2658
17.0271 46.2051
11.1881 98.2796
62.0463 67.4634
1.49411 39.6979
68.0653 20.4455
4.34474 38.2517
83.4242 38.0522
52.8089 18.2745
49.0696 10.896
23.6981 89.6143
81.1398 8.35961
52.014 65.6562
96.4366 29.8614
27.0827 67.8151
4.04593 98.8895
87.8069 39.1769
48.8581 62.7824
87.2708 97.2161
30.1798 48.1736
93.5252 22.6083
53.9073 -1.5752
88.9253 36.9995
57.8399 14.5826
59.0633 83.6105
32.7892 78.7743
38.7367 77.4574
88.3133 90.4291
58.2212 20.8542
17.9872 70.4885
100.651 90.841
62.2444 4.98748
72.4476 73.1879
92.1276 29.1322
90.4747 43.2615
82.332 79.6437
73.7411 67.7999
93.8171 98.4984
94.9142 40.0007
33.3346 56.9528
60.8718 66.6999
-6.6869 23.0661
81.3463 75.5172
18.6373 96.3595
36.3341 52.512
103.685 74.8887
61.1198 69.7756
15.8554 57.2817
77.8538 56.0227
42.8338 33.953
83.6091 85.8993
92.2048 38.8911
2.13202 48.8454
74.348 44.1997
52.5082 42.3244
67.2195 12.0587
87.0688 1.1638
77.5188 37.0866
53.6079 19.4718
6.78899 41.4507
31.676 58.3119
62.0375 65.2029
72.2596 5.31683
27.5623 68.5854
22.8877 15.3641
52.6724 32.1997
40.9574 33.0619
-0.717364 47.1922
96.6352 60.6228
79.9084 66.1751
49.044 31.4439
60.2639 71.2074
90.3871 39.7762
64.9408 17.7157
30.0648 81.1736
68.8585 34.8734
6.34019 41.0663
102.985 67.2728
99.1367 95.8651
95.4206 71.8601
76.2718 77.4328
34.7462 52.1104
66.349 95.6128
17.6172 85.1219
9.04381 31.9387
65.3662 37.2633
84.2456 33.504
77.385 94.7835
79.8734 8.79244
89.0827 92.669
41.2435 76.4079
12.5862 54.9231
85.4544 42.6224
75.0277 73.8289
68.5093 40.7517
-0.198329 29.6299
96.7989 97.1667
37.2935 75.7012
41.7347 66.3812
58.9663 16.5215
54.2892 66.7936
100.814 67.7713
91.3899 18.9093
88.7157 85.5024
79.1475 74.2095
64.1203 12.7316
99.4988 65.7594
70.7381 2.91897
38.4591 45.9056
70.862 33.0284
16.3261 88.2822
7.15182 93.7763
85.6418 37.8942
100.361 13.9943
39.3851 103.176
17.4789 43.5654
10.528 50.2075
66.0432 68.1588
80.9738 11.214
44.5925 73.8716
35.3386 26.5793
0.494103 38.2928
31.2238 85.4841
4.26777 91.2149
32.9262 33.3048
64.3695 12.7578
14.9778 95.5945
42.979 101.791
5.77176 86.5823
32.2568 60.5591
16.746 16.1762
48.4626 74.7202
81.7233 -0.485838
34.3481 26.0696
81.9613 86.3567
97.61 66.7254
65.5977 21.4518
50.0931 63.6308
0.720097 40.1171
58.8548 69.1885
39.2438 85.8289
5.92364 15.5405
102.198 85.2519
81.5932 58.6651
0.522555 101.516
9.56123 44.5398
66.5694 79.1609
54.7888 40.8015
25.5233 62.132
2.828 95.8156
45.9749 97.633
10.3462 85.3543
33.4342 57.7252
12.4423 69.9868
51.3511 62.7873
5.73239 61.3627
5.42697 61.9267
83.1327 43.1178
22.2915 98.6924
49.6911 45.0173
20.5464 16.0427
68.5801 94.0039
98.6894 69.5969
68.3975 17.4202
22.0141 11.2005
58.1603 66.9833
77.3727 60.8406
80.6926 94.8972
40.4117 22.3868
90.6919 93.2456
96.3737 66.7661
37.9887 55.7603
2.57917 83.1561
22.4234 43.9899
53.2027 62.4493
4.86134 41.4846
55.7977 32.2574
59.4066 20.931
9.24692 96.8103
46.0587 34.5939
5.73964 56.5991
13.2958 95.4397
2.61673 88.2586
99.9431 68.8083
16.5473 7.74665
2.15455 19.165
50.5631 34.6964
33.7946 83.1141
82.8885 91.0151
5.89562 36.0618
10.6388 84.2184
82.5592 5.50917
14.4893 24.8153
31.6342 68.8542
32.769 62.3276
94.5448 29.8318
4.77369 78.569
36.8312 12.0824
-5.93536 22.0037
6.03895 93.5212
72.378 2.9099
26.402 56.5709
19.207 -0.663783
16.6605 16.8063
94.3377 15.0174
24.7968 16.1863
29.7377 57.2465
44.5694 71.2924
14.3941 101.998
94.5731 42.4213
22.3217 12.1428
29.3619 67.5318
43.2799 52.3784
41.7664 97.5497
5.36714 88.9469
22.7473 72.356
0.113547 6.77827
30.5051 9.33819
53.3372 33.2329
37.2826 74.5288
35.9594 15.2724
35.8339 36.7923
26.0247 4.17856
94.6732 53.5677
72.2058 67.8403
49.8689 17.9678
4.83006 47.8475
76.5259 9.64737
78.0145 26.8011
26.0727 59.8608
-2.07411 42.7922
84.6741 44.6798
3.78231 57.9963
5.28038 89.2686
11.0123 73.0273
11.0829 40.1549
89.6369 79.765
34.9507 19.9988
76.7062 77.5177
10.6651 86.3139
62.7724 8.05953
55.3871 76.417
59.3864 4.99273
94.8435 98.4046
67.404 21.5495
9.39348 48.812
92.4641 105.683
66.1506 7.10795
37.4148 40.1053
65.6455 31.64
102.948 80.6573
50.6791 54.0852
4.81457 14.1969
3.29351 31.8919
56.8707 15.9907
20.2713 84.286
90.6181 56.6003
54.4718 89.4758
70.7006 0.704898
51.1752 36.4036
76.473 23.6765
50.2606 16.9394
93.3815 47.0853
90.3491 88.8235
13.6935 75.9679
36.353 31.9992
35.5265 96.1744
28.7458 69.5612
66.2385 33.2996
98.308 81.6344
28.4052 57.9628
3.18221 86.9491
59.7848 4.41406
103.147 57.4186
12.8643 38.5837
23.971 70.4553
16.0533 28.6356
44.3826 51.0219
11.2357 48.9275
57.7739 22.4433
95.8011 60.8956
61.7115 59.9952
47.2989 44.5203
47.4671 -0.848437
51.7582 63.5881
39.5497 93.7719
20.0576 20.7031
6.99919 109.641
65.7468 17.3507
77.4031 99.901
70.0966 19.118
68.2493 25.2957
76.6582 79.2693
3.13083 56.5857
45.1792 11.3791
-3.8478 42.0308
5.47412 7.01045
54.1366 6.44213
19.4575 104.138
95.213 71.029
48.8511 40.6312
94.7416 11.8167
2.97952 29.8855
79.6024 93.1363
101.376 89.3387
22.5709 17.2918
18.9482 52.9355
50.7021 95.1607
95.0218 49.2274
10.9064 51.9519
52.2935 37.4653
77.6669 31.1932
-6.23639 105.37
53.4985 26.1174
28.6551 32.1019
97.8703 86.3309
100.519 12.1644
62.872 5.30786
10.3277 18.1645
58.8608 90.706
57.7969 19.427
78.1758 75.8259
9.66353 32.5771
42.1416 64.5206
82.4516 29.893
58.9671 87.1888
48.8163 61.4723
52.1479 41.3203
52.9491 15.1357
40.2713 8.27156
80.2161 72.9829
11.1059 86.9761
84.9892 88.4551
13.3767 43.1524
42.7568 76.379
52.9646 39.4274
37.8432 61.5056
22.0086 58.3542
17.6837 8.33174
66.5826 101.783
51.1405 11.5134
69.2612 2.13302
89.7165 37.9389
12.5742 88.4546
23.9488 6.85709
15.5964 35.4829
50.0324 37.4271
78.4435 40.4361
24.9013 29.3002
66.4531 33.2185
57.9427 41.3373
17.6136 71.3997
31.2788 57.2831
86.658 51.6199
-1.7871 25.8037
93.6501 25.4624
97.8408 37.6581
42.2183 8.11672
70.3354 50.5103
33.2825 53.9641
71.3444 33.3246
-6.58209 45.3744
92.0781 75.1709
18.6706 98.8373
13.3008 70.4464
94.9193 9.99364
27.2556 92.9812
29.394 68.8046
55.19 89.6995
84.289 81.8816
23.963 97.9522
15.1726 71.2743
14.6142 21.1692
48.1394 27.4217
26.6213 81.2047
63.199 45.506
81.9823 33.1615
93.2007 10.3246
15.1387 74.8166
73.3385 16.3605
31.7475 56.8348
62.8003 31.5993
33.0168 92.6393
81.5687 80.6753
34.6869 70.2305
101.866 51.3781
2.58501 41.3501
61.1613 68.4607
25.55 64.8036
8.85855 80.9583
18.3613 102.338
92.5553 99.1373
63.7841 34.2876
40.0351 66.2422
68.8048 20.8071
81.0178 25.9623
11.0534 11.1626
80.9928 74.0703
0.833083 11.2359
32.9879 34.1905
73.1251 34.8772
14.3485 38.0902
98.0187 34.0438
8.27398 41.9635
6.24936 18.69
71.2628 89.4864
3.37487 53.2208
63.7855 24.3017
19.2824 49.2808
84.9253 84.975
64.5982 -2.52356
8.94688 96.2576
5.44749 42.806
70.7397 69.5101
10.1175 87.0207
53.2285 12.8324
11.9768 42.775
33.9308 75.5144
28.6387 58.1687
29.7717 70.3261
92.9399 82.9477
85.8354 40.3325
-0.853364 54.6889
46.1114 61.8316
50.6837 9.17016
59.4678 70.4731
3.28667 42.5556
20.0289 50.2779
24.4793 74.8999
29.953 77.2922
34.0989 59.6886
3.09126 50.443
72.542 22.0765
35.5808 81.0822
89.3912 60.218
1.4272 98.2878
2.97418 67.0266
6.49506 87.413
13.3941 71.2342
86.7995 56.9862
-1.99954 58.1575
74.1932 99.4588
10.2148 86.9944
90.7608 32.8301
32.3905 48.9372
14.8201 36.4066
70.8074 50.2292
34.5561 49.9305
8.23727 81.0495
23.6271 56.8493
46.8426 76.9221
58.1207 73.302
17.3064 6.3474
57.3842 10.7987
63.949 13.3827
34.4194 66.9274
53.2943 83.2422
12.3847 87.6021
59.2237 69.6232
39.5225 40.478
15.9467 95.1448
7.63181 6.86559
0.896095 27.809
12.6556 18.2501
15.7676 67.7457
5.53434 90.9637
98.005 60.4685
40.2962 73.1556
89.8917 49.0922
39.5144 10.1593
11.3565 32.2451
99.1501 52.8914
4.39494 84.5452
-2.20468 89.5949
92.5417 47.1025
3.86079 87.5459
26.3337 80.3016
17.2125 57.1676
39.4589 44.4392
87.4418 34.655
14.1888 56.2983
56.35 70.2842
68.4922 0.715797
22.7014 93.0389
71.5728 46.7269
74.4453 72.1739
23.0978 12.76
91.2482 27.9361
35.3679 24.5296
58.5906 13.0809
40.3032 95.2101
88.9827 76.5348
5.39485 77.3787
52.2128 81.8712
17.709 101.288
92.3816 40.3826
51.0598 86.971
1.46095 77.6962
18.5339 70.19
69.2186 97.0482
95.0254 10.3315
14.3748 47.1865
21.6106 6.23286
94.4631 48.9834
72.3571 36.4539
37.3009 89.3667
19.0585 0.755329
31.9867 68.6033
8.08065 49.6958
69.2296 97.1258
7.47223 22.265
40.1803 16.8518
33.6216 81.8789
83.8017 2.6727
30.6544 57.9484
73.3883 46.7048
84.2202 24.1115
4.50573 104.259
23.7657 100.859
98.9254 0.69363
5.74233 18.7978
56.3669 57.7105
38.1626 59.7984
0.53201 46.6529
4.53005 102.879
92.9527 39.4782
47.1317 29.5378
52.6059 32.1412
10.9946 103.409
18.8339 4.17163
25.0835 95.5158
90.8142 92.2418
73.885 0.0749719
37.226 58.3223
10.6762 70.6406
87.8646 77.9419
95.3127 12.3492
70.9657 1.88176
27.8811 28.6074
54.8037 59.4135
19.8754 98.9625
8.69183 98.8336
82.2856 59.6183
61.3233 13.4363
90.9261 85.0643
42.4826 75.1475
99.3236 48.0273
87.1235 52.8475
17.8544 55.8191
5.72636 84.41
3.84001 13.754
65.8023 16.9554
48.7565 23.1893
57.5762 71.5749
47.489 47.857
69.1784 91.724
46.6008 15.2685
68.7503 97.7664
54.1323 36.7135
58.5018 82.6677
27.384 73.879
62.8939 18.6903
18.0267 89.3367
102.539 64.2423
80.0741 82.8074
89.8633 61.7327
89.885 17.0541
38.6156 -4.40187
68.3795 76.0401
20.6518 19.4933
32.958 56.9632
44.0136 35.4482
0.923823 49.9586
8.18352 40.9633
59.43 71.1819
49.453 85.6125
20.1701 92.0292
10.391 56.835
36.9217 47.7367
15.759 8.21138
32.9301 59.9114
82.1102 58.7191
39.2805 47.1758
79.8232 77.1487
1.8816 7.65471
47.1351 75.0636
51.0236 3.845
65.3293 32.0399
84.5749 83.8307
28.2669 35.3495
98.3277 68.3683
30.1352 40.773
96.6115 67.1447
85.1681 47.5186
3.92789 53.702
104.316 66.9776
4.81554 47.3041
79.0658 88.7274
75.2332 39.5786
31.8902 72.0597
21.7004 83.1495
56.7314 34.2487
77.366 77.6467
95.2733 23.4103
26.0929 46.3558
77.852 71.0301
88.9942 89.7984
7.28441 87.7611
95.5162 69.5657
21.3384 44.0493
31.5043 63.1685
8.44416 11.9129
72.3321 63.0514
33.821 34.6716
95.2831 36.4818
32.6153 19.165
33.8989 17.0995
58.8206 76.2881
41.6821 49.9227
6.52891 77.147
49.2036 44.4202
39.7514 10.5257
30.3943 57.161
23.0653 69.5872
105.559 86.5297
3.28904 45.2625
73.016 -4.87733
74.9533 2.56639
91.0633 83.1536
31.7175 61.2158
37.9245 74.2447
29.811 61.8516
67.0563 75.0747
87.1802 84.8533
23.6207 1.79205
49.2415 39.7199
59.9056 2.36073
24.4748 8.89998
2.25335 38.0438
63.0795 12.1174
46.1043 59.0073
98.7659 50.2118
56.7011 16.0437
47.7734 100.173
50.8728 81.4968
90.3745 97.4444
67.874 15.8675
6.09632 95.5571
73.6795 69.2678
80.6625 100.178
89.0083 87.4066
86.4236 95.2128
98.0592 0.999138
74.2156 -4.36872
88.3071 56.1161
49.3128 81.824
18.5838 92.5712
24.7847 62.2934
5.4688 13.117
94.446 10.857
48.942 81.1874
30.1268 54.671
48.9097 70.7678
0.185605 56.0339
80.0754 76.3125
10.0256 36.7226
18.581 78.9623
51.2367 27.2316
37.5895 63.5931
53.8271 10.647
57.754 71.603
12.3069 86.1908
8.47685 36.6594
40.8755 4.35516
30.8918 51.9665
11.5176 24.7219
78.1649 106.462
13.5871 73.2165
48.3505 60.9166
79.3481 77.3103
52.1599 43.6094
31.8346 75.7443
65.1764 7.0623
30.9573 59.6339
31.6189 71.3972
17.4969 51.549
45.1546 17.4645
36.0399 61.2423
5.70609 76.0931
32.0372 83.0707
79.8637 77.1527
52.0611 17.7216
100.013 78.5945
95.3015 39.4933
72.435 47.0752
29.7735 50.6109
81.2888 35.2738
25.8251 76.6934
27.3876 39.3653
84.9787 6.57637
5.97091 87.7952
10.3798 44.0178
40.763 10.7295
56.0927 90.2081
60.7984 68.7545
44.1236 81.6867
19.9727 22.8852
99.7869 49.4856
80.25 50.5096
42.9515 78.4182
18.7398 30.5055
36.1823 70.7642
70.7863 74.2442
39.6891 82.8136
83.105 49.3294
51.0835 35.3467
48.2265 98.7915
21.4164 94.3359
4.54224 99.6063
85.9146 94.0192
50.0382 96.8807
9.7623 88.7328
17.4443 7.61798
61.0675 100.001
80.944 7.62978
25.8644 18.1961
88.5706 34.5292
78.1922 29.9654
69.2705 16.2237
87.2448 49.2943
29.685 10.8774
103.832 84.6848
-0.452333 40.1998
75.9973 58.2129
83.4822 48.2461
66.4358 7.60034
95.7274 17.1477
24.4926 82.4359
12.4024 82.4872
33.8748 30.9295
60.2842 25.8739
13.1853 36.8277
64.141 5.74398
7.40429 38.6285
24.7347 70.5428
34.851 93.3382
1.99542 10.3407
86.8698 60.1936
6.23869 49.696
92.6784 41.3533
52.2604 25.5261
81.764 46.7076
43.5518 56.1241
98.648 67.1676
20.9285 85.8293
84.6423 95.5036
47.9809 28.8325
53.4119 41.9461
4.27815 36.0872
53.677 96.3041
94.9325 11.6006
48.9461 2.49342
31.1118 12.514
75.1877 51.4927
87.4754 31.867
-4.83193 19.5528
11.5054 98.5846
44.6184 23.3612
61.9839 -5.43879
69.0404 8.70868
1.41219 82.1154
51.2983 31.4458
47.337 65.9344
78.9877 31.576
44.8179 5.15018
26.0597 53.5434
-8.40132 53.5395
67.9488 36.2449
76.2978 41.5103
25.1471 4.88098
64.09 67.3249
33.2602 69.5585
14.0585 43.2908
54.6887 8.16546
92.6563 23.8171
57.5049 105.859
65.3041 10.1645
66.6186 11.377
78.6101 83.3714
87.4349 56.9332
52.2734 6.14002
73.1077 34.4041
21.9476 92.3869
10.3507 36.1294
30.5746 81.4305
74.0285 24.5334
21.871 52.726
31.1984 70.6708
41.9866 11.8641
49.4464 101.695
86.9124 78.7338
3.25435 52.232
21.4826 20.0692
31.005 58.6559
37.1065 48.9087
71.1626 71.5748
5.60798 37.9056
3.30875 15.4409
101.55 -0.755535
36.0564 95.1348
47.6154 31.4245
3.3627 11.4306
57.6095 69.4033
68.0471 10.065
50.5718 30.543
19.7399 94.9623
64.1828 14.6196
43.3021 35.8204
78.813 81.8446
61.4246 70.6201
24.4471 90.8611
46.7919 39.3726
8.43281 42.9601
80.7813 63.798
30.6229 34.0181
30.0872 19.8453
0.6908 21.9219
30.4617 41.4015
74.3392 62.9203
98.981 41.8282
53.0449 91.5831
61.8938 13.7426
12.2716 41.3203
62.5402 100.103
93.2709 9.17823
96.0382 23.5512
23.9799 94.2646
47.0061 28.1293
96.0326 93.4001
95.0647 56.9703
63.8691 63.8711
19.152 75.3993
44.156 99.2814
60.1567 65.417
11.9516 53.2097
81.4742 12.0331
74.6763 23.5236
17.866 100.009
50.4851 57.254
30.1274 65.7354
96.8417 57.9176
88.944 30.6911
44.4516 1.35659
63.5161 23.8363
71.3422 93.624
71.2315 67.2951
20.731 7.17782
22.709 88.7047
37.0707 81.099
16.3497 98.6252
64.2283 2.32423
61.1753 46.3348
99.5054 46.9207
61.3576 0.747219
12.2037 6.65385
69.9431 18.7512
50.3083 62.8354
71.5642 73.1567
50.3828 60.1395
52.4953 9.59124
28.1556 71.102
30.7729 30.9416
77.7762 92.9022
6.09743 51.8867
89.2845 85.8238
46.4461 102.061
92.9891 84.474
43.1731 13.1911
90.6772 96.2386
94.2668 52.5876
22.7237 93.1147
91.1718 55.2241
51.5776 83.0579
38.2357 43.6014
18.7984 8.92117
15.0805 94.6904
69.181 37.5582
92.1511 90.0092
-9.31886 49.4066
44.9595 88.8243
14.1326 36.1928
45.5323 74.188
87.5529 70.9015
7.95274 102.2
17.1208 94.5255
17.5396 0.935651
36.9848 12.8811
21.5339 83.9718
37.6728 38.478
51.8878 18.4467
16.402 52.9942
37.1943 89.4517
44.8898 76.7971
17.9627 56.438
45.7839 100.453
82.2757 32.5255
13.4657 41.099
92.0547 25.0708
80.0234 73.6821
95.8581 29.9935
24.6317 82.3348
34.1729 79.1608
93.1442 91.0934
31.6117 32.6595
-8.23162 49.4145
79.86 47.6543
-1.21285 52.0126
53.2594 14.2902
73.6498 74.5663
100.618 57.0822
37.509 78.2635
44.756 41.5263
48.7734 47.7783
21.9165 111.187
4.721 90.2855
12.5455 36.9143
97.9157 30.2345
55.48 99.3595
93.4046 91.3816
93.0217 15.0306
99.4169 87.0135
16.0339 97.4518
93.8035 19.834
100.88 22.0815
61.6105 -10.0856
24.8242 94.6924
51.7026 31.6746
66.9656 46.1
44.3732 10.1801
13.9991 3.04206
96.6786 62.5747
100.295 45.5963
46.4083 85.8361
28.4988 12.0646
102.021 55.663
26.1878 15.0794
99.922 81.0285
18.779 99.3669
22.8699 4.49287
21.1412 101.077
31.742 32.6681
80.9564 59.6619
31.8826 35.8487
51.1577 16.1781
68.8927 6.0166
-1.11273 40.5869
73.651 20.1858
97.5865 12.4029
60.7262 72.6745
9.68007 35.1004
64.3342 3.15203
4.85754 17.3111
17.9369 75.4528
59.1948 66.1104
64.8003 3.07263
12.8019 68.5283
31.6629 41.6737
39.0459 13.7301
3.18232 51.9375
23.4988 63.1716
55.2375 21.9579
12.5117 29.9264
75.5447 39.2889
76.8243 93.8992
89.7921 60.1853
12.4245 91.3282
70.4965 32.0592
104.225 63.0878
12.6959 51.9916
12.3431 54.3057
88.8591 92.4946
5.6622 36.062
25.188 49.67
25.4863 0.513161
8.12683 16.79
66.3456 36.6003
52.562 102.576
11.1001 67.6988
27.3413 17.9593
-5.8125 6.79382
10.8364 90.22
32.2274 48.5312
86.9696 10.6
95.2219 35.6468
93.7337 25.7132
1.65216 100.283
78.4807 54.4962
45.5035 90.3678
12.0689 42.7772
6.72375 95.6624
8.04317 37.5731
43.4962 17.2101
1.70692 78.3152
82.005 31.7421
50.2378 40.0934
18.5172 20.0975
34.3097 67.9489
69.5391 24.5879
50.1063 35.4666
96.54 26.8241
77.4954 96.5966
27.9083 76.7137
5.93573 49.3914
3.07982 80.9159
-6.29449 43.3118
80.3949 56.0828
82.3957 90.5663
87.1453 5.48165
1.83028 32.1834
61.3876 64.9114
15.0422 52.7263
94.0418 -2.90403
16.2484 47.3241
10.0636 82.1067
68.588 2.74302
45.5185 74.0743
45.161 74.687
28.2931 34.2016
18.7892 50.1681
14.6152 64.4826
38.0938 68.5561
25.7068 9.51595
30.1162 55.8366
62.8695 -2.22862
70.158 82.4408
80.7321 74.5857
39.8101 21.1533
51.6386 10.4316
99.4643 46.7152
50.3635 30.0557
46.942 58.7895
46.9688 -1.93288
28.74 89.6057
56.3007 78.6761
46.9916 65.3126
57.9702 60.1052
9.05676 62.437
22.7324 52.7105
20.8061 66.3308
50.4419 71.6498
32.0277 43.3737
62.5665 22.5954
51.8704 30.6381
46.6401 98.5411
67.7788 94.005
47.4276 21.7229
32.3931 59.8506
57.9688 -8.45884
55.7767 9.27351
77.3238 74.0635
80.5362 56.1011
68.743 3.60709
16.6212 44.4709
9.48141 39.4418
64.0218 5.44189
95.7524 25.9352
47.433 50.0908
95.8911 15.2493
85.803 94.3232
9.31531 19.3827
18.3316 9.03722
25.8224 58.4018
64.2406 23.3371
13.8199 8.34932
23.1652 -1.66134
64.4078 21.7953
73.9136 58.2126
87.2449 90.1651
26.8674 74.1293
48.9667 48.6194
13.8933 59.4894
69.089 4.32719
28.375 50.3685
51.1517 31.5813
95.2078 66.7692
60.6065 76.3928
43.2558 70.8674
26.343 95.5044
44.8023 56.6218
69.766 29.4126
50.5519 85.4885
49.7389 67.287
100.334 74.7656
34.6497 26.6087
46.2194 53.4083
71.3027 69.1468
73.0145 7.57897
3.64925 57.3286
4.22914 44.4529
22.3065 92.0917
49.4672 0.885992
37.9017 19.2352
66.3853 31.1747
28.9158 35.5999
54.9707 62.724
95.4752 40.114
80.7103 95.034
25.0053 76.4008
21.5017 37.2937
100.265 13.2801
30.3353 34.2408
96.812 87.4239
85.5079 78.916
65.1445 8.79612
1.91358 107.338
45.1166 11.1357
-6.00358 8.7508
13.8778 91.0041
32.6882 20.5675
102.732 12.0904
51.0098 59.6988
7.07486 53.5667
32.9094 70.8898
68.3143 -5.42939
44.4965 38.1462
96.0213 88.7296
70.7237 15.6115
94.9064 30.4433
1.45585 97.4489
87.075 69.7214
29.2506 57.7213
14.1764 69.7535
40.5182 30.2171
45.3999 60.3169
39.7646 87.6597
81.2949 66.5296
18.6588 5.0232
77.0117 25.1992
32.809 88.1712
83.3033 93.4285
51.2704 25.0958
82.776 44.4011
35.6002 65.1738
93.9922 63.6329
4.7246 35.4555
50.228 31.628
4.33999 85.3972
77.6439 46.7644
83.3883 49.1552
26.9186 4.46636
6.80767 41.4678
87.514 79.8684
23.5137 67.7612
7.43442 91.0136
20.0273 90.6344
51.2666 6.28953
7.73282 20.0156
12.9571 39.6071
52.0758 98.5103
62.8769 5.05071
106.369 15.3652
101.257 86.662
76.6577 96.7936
-0.297449 42.8123
3.4522 85.5847
15.0331 85.2328
95.5966 60.8966
94.2663 38.7361
7.46484 34.0923
50.0187 12.6261
78.6874 46.5937
45.9025 31.2242
14.3224 20.037
-0.242011 10.7078
24.5284 18.6896
56.7955 97.5572
30.862 59.3702
94.5361 11.7493
73.3284 94.3944
4.62255 49.7782
93.381 53.7684
54.1956 2.30665
72.0029 10.4674
36.3727 90.857
31.7574 58.4746
30.8362 55.0296
5.04584 21.7389
5.55625 36.6538
45.767 13.8578
95.0129 99.8127
96.1248 73.8341
28.2269 45.6141
38.4071 9.72221
78.3245 74.5939
87.8333 3.96209
71.7672 5.55117
94.6279 7.05739
20.4382 57.0155
34.0558 83.8387
75.4687 57.3208
80.2672 2.13278
38.6917 71.1759
26.0998 102.03
68.6454 1.02397
29.1262 60.3696
57.1672 25.5031
92.7725 76.9011
96.6757 62.8101
97.2547 29.1644
49.7064 47.8628
88.0713 32.0205
53.133 67.728
101.201 53.1344
70.6737 13.3122
38.2631 50.4625
62.8242 57.8098
84.7224 79.8998
-1.17913 104.748
72.6121 5.96735
62.2536 86.3527
100.895 86.7646
32.3905 24.9325
24.1132 73.0843
41.1699 -8.70978
39.4879 10.0652
30.6634 75.9568
48.1755 97.6904
49.3864 19.2677
96.9856 54.7515
43.9948 32.5622
51.6329 77.2665
92.175 23.2481
49.5996 57.435
9.40576 45.831
56.7756 85.2223
2.16895 86.6618
81.7279 32.8942
7.06198 42.8139
13.5747 53.8222
48.3791 62.6399
26.5902 70.8126
23.7098 43.023
61.2914 13.106
27.5034 87.0392
50.6797 13.8766
79.1822 34.1074
68.9433 5.20991
67.1974 49.9804
13.5892 105.167
27.8691 75.6449
42.6167 2.02117
29.7763 84.9459
104.374 14.707
4.41596 51.9088
58.2927 14.1272
9.9102 13.6127
64.8057 55.7433
52.477 36.9008
82.9233 38.1251
92.7012 67.1005
14.5422 83.933
29.4361 13.0411
10.4977 71.8712
10.3275 34.2663
48.6824 62.3825
37.6331 57.0361
18.8952 94.2761
3.33116 50.5695
48.925 83.2663
82.1376 76.0325
71.8886 4.85574
46.1423 54.308
4.13553 85.5
99.2502 0.289206
71.1863 89.1737
26.0672 70.4551
16.9979 20.7439
9.99965 82.9757
55.3736 7.92875
31.8976 84.2967
10.7811 86.7059
26.1777 69.5124
74.0579 17.8828
70.656 57.6926
73.4241 10.521
84.9056 75.9977
5.28837 51.3282
45.2014 5.28545
52.9656 31.997
6.94079 92.1424
69.2362 90.1379
100.261 46.3585
20.7917 59.5347
8.25592 52.5864
47.9319 32.2296
32.0343 36.2077
103.814 27.4861
22.206 56.2899
7.23686 38.5642
64.152 23.7328
10.3305 44.5989
29.8055 37.2997
85.3884 82.1143
34.7514 79.9953
76.6627 0.0738511
43.3516 33.7577
75.9526 -1.29461
69.729 38.5928
60.903 6.91261
79.5504 82.6815
49.3517 30.8936
16.3698 83.9054
52.557 29.4602
97.7083 20.6055
33.7562 55.8025
59.7915 7.72176
96.0087 29.7685
76.9557 81.759
56.0046 34.1036
63.8595 98.3669
92.4774 51.3587
57.6063 18.5904
74.0767 38.2658
5.95145 24.3232
0.454135 51.6061
82.4174 82.5551
76.9984 76.352
9.89552 103.467
5.34476 13.5673
55.4411 5.17482
83.8576 22.5287
51.5353 49.9648
95.8484 64.4339
63.1852 55.6474
53.664 52.3893
84.5337 47.146
62.2163 28.827
7.06849 36.947
59.351 18.5301
66.1673 64.6856
8.12178 78.9419
20.3995 88.662
78.3534 31.7773
76.8555 44.1647
25.3509 60.0431
49.0064 10.2315
48.8001 73.3527
63.9233 26.6639
10.0377 89.6574
47.1946 34.7017
65.1884 10.9627
60.3907 65.1921
68.127 10.0093
5.6005 100.46
43.8986 30.2423
71.7091 4.46223
66.8178 12.438
78.1294 36.9671
53.6541 58.343
23.242 38.1043
71.8694 51.6884
21.4348 83.4038
67.3707 24.0836
9.6649 102.958
106.311 11.057
32.2123 17.1602
83.8186 51.732
66.4099 23.1917
67.7175 22.8984
9.0959 40.4311
78.6733 83.1385
11.6121 91.8509
13.3916 71.9231
48.8299 75.4909
65.0691 7.85181
58.1903 12.3201
98.101 0.167423
2.23028 50.9194
0.785399 30.1737
56.5471 18.7496
26.0292 11.0516
-1.18722 36.3194
52.3982 60.4757
14.9209 21.2525
31.5339 60.2806
95.635 101.167
5.95612 92.9238
89.8723 6.12492
92.5702 7.43778
58.3845 95.8896
103.381 23.7292
46.7871 27.16
6.77232 81.4212
23.412 40.6505
14.7854 69.7408
15.87 44.9838
85.4035 27.7849
10.1792 45.0231
10.0788 18.8798
29.7523 4.26335
13.0774 17.6478
27.4228 41.4261
64.0928 68.2584
14.7067 87.0042
44.9376 13.1738
34.1638 55.328
15.1903 101.204
57.748 -2.05018
60.8513 7.50582
3.65038 45.9841
96.8943 50.636
88.0698 80.473
28.7283 74.094
60.2767 83.327
91.6529 77.9582
35.4866 34.293
78.8995 82.6718
97.6154 44.1886
86.9618 90.08
65.1003 83.2589
68.854 75.8052
7.08037 80.2753
42.3275 65.293
4.42015 84.5841
16.8895 94.3046
54.4842 96.1447
16.5167 93.4101
4.08805 79.3125
51.5013 40.2599
55.5046 44.9606
27.349 53.9226
4.57537 61.7047
87.6869 87.837
28.0533 76.6403
73.833 82.0725
67.0376 29.5002
-1.47517 99.8499
66.9584 -0.24737
68.8039 69.513
37.8846 94.1249
35.8875 69.6728
81.4113 73.672
26.7785 45.9334
41.6452 70.8253
53.5065 45.2422
57.0214 68.4292
66.901 14.493
35.6639 27.4629
78.9902 52.3215
83.4264 54.6148
25.1258 25.2715
91.1187 13.516
84.6562 42.4282
97.0381 70.8778
61.4957 85.1093
29.0753 52.7133
22.419 12.7822
3.0471 93.1666
36.2005 21.8787
60.8564 70.4469
72.4112 2.06082
100.472 10.6503
4.36816 12.9001
31.6049 15.6678
58.6163 82.6605
14.309 79.4815
2.60481 86.4102
80.4342 66.2795
78.8924 70.698
75.1497 0.267872
71.2967 99.174
91.3045 46.7855
69.327 72.4036
74.7086 69.4242
52.6951 42.4469
30.7751 56.1298
2.06813 92.2163
32.2731 100.106
-1.93521 52.1449
89.8917 62.8609
44.1622 84.619
15.5859 76.2019
10.7442 40.9305
18.1526 8.05247
35.9869 50.9651
35.9344 43.1105
62.2969 76.2235
-0.548167 8.22213
90.2888 26.7141
78.4561 64.6484
29.3892 36.7068
14.6533 86.1667
95.241 50.67
56.203 57.3604
95.0845 82.4837
55.2411 21.4675
91.6866 46.879
15.042 90.2161
94.8821 23.2579
76.0387 -3.74506
70.6135 11.0803
74.8843 95.7997
1.93071 85.5249
15.2264 67.2236
96.8465 96.8414
39.7624 96.1511
70.1411 40.4414
80.8333 78.7462
5.04226 96.6772
-12.8032 95.5522
83.2338 30.872
0.507542 7.08328
53.8653 91.3991
91.0673 35.8624
30.9983 86.3548
47.0532 55.0845
24.8416 34.9099
61.9999 19.9199
14.6206 36.521
30.5516 93.1071
83.8163 95.8916
60.0241 66.7221
33.9268 32.3247
62.3945 7.3429
69.1274 19.7771
83.1492 32.9994
60.4752 69.5871
71.955 16.0424
11.5198 82.1368
79.6573 31.128
46.4317 53.6045
16.2666 66.1595
99.3424 89.0796
32.0814 61.7003
69.0049 10.4573
64.6292 8.99346
28.8416 58.1218
7.30747 94.6962
24.7723 99.7459
6.78491 41.4269
86.9251 57.3791
43.7341 5.70202
12.4464 87.9508
52.2075 27.1984
71.3713 98.3786
47.5272 63.7895
98.9906 91.0137
88.2236 50.7283
44.1028 53.8547
19.6575 94.1324
40.1543 18.3769
41.2612 84.6343
58.9278 39.6276
99.2966 81.0649
73.2878 31.8162
40.1987 5.21078
26.4363 6.46134
51.9094 65.6607
12.9193 106.543
97.4186 63.6138
73.1703 8.18843
13.4654 8.0052
76.4862 49.3639
-10.9296 45.9392
18.5042 103.216
47.1095 23.9845
94.3784 102.022
20.3461 88.0497
14.3312 90.879
62.3943 26.5246
16.7396 22.172
30.5318 43.5927
30.6971 89.8648
88.9899 27.5373
16.4006 6.22683
77.6302 39.1131
62.5059 9.54003
15.543 91.068
-4.98415 39.9484
21.8119 13.0491
7.92257 13.0815
0.218033 61.7791
72.8182 58.4728
38.9627 52.8509
55.5248 20.1541
40.6955 79.0558
77.9766 73.6044
63.891 25.1161
25.0154 65.7152
11.4479 29.2852
8.71048 85.0437
47.7271 40.4178
67.6003 9.01352
52.0152 65.1797
60.8775 62.7669
0.366342 5.11363
77.3808 67.4049
7.21417 45.3626
22.0313 30.2446
12.1394 51.595
69.1294 31.0137
38.3745 29.8321
17.4091 70.7595
95.3826 14.6347
77.5475 19.4868
2.43724 58.1024
24.6894 28.9846
97.2865 28.2854
0.483854 46.6941
64.7671 27.3321
85.537 90.3474
95.8391 69.8251
40.43 93.9832
30.0915 29.7039
24.7488 57.4966
48.5942 6.91863
17.2929 93.0952
79.1295 84.6683
54.2147 27.5454
92.4335 47.0516
26.3238 94.1681
73.8713 18.6288
48.3255 100.113
85.1098 50.818
78.8155 72.1428
82.1718 42.0802
50.7505 18.7793
27.2326 92.497
23.12 53.4475
32.7254 69.9027
85.0032 91.456
17.0073 103.069
28.2353 106.195
10.033 41.6645
39.9451 -4.20284
29.8946 87.6116
13.7341 93.1341
11.366 80.4467
61.2164 90.9713
86.4341 13.2682
45.6148 75.1204
35.0033 92.5296
53.1196 22.407
19.3798 73.3654
49.6965 38.5817
50.3608 64.5644
32.8836 28.4859
98.8103 23.3604
50.2893 18.2678
47.6223 39.6932
77.6862 82.083
84.402 76.3153
33.3617 52.4699
34.0483 70.3739
89.9588 67.5946
82.9971 83.505
-2.47004 26.9989
24.3464 67.218
16.2015 51.2397
93.4483 -4.18952
6.04959 23.0319
81.8232 84.4952
75.214 73.4493
82.068 80.0222
93.8011 92.2889
54.5347 81.4863
91.4502 19.3413
38.6148 32.9855
97.6906 69.9789
58.2862 106.206
33.1254 99.7947
3.9675 57.3372
22.2153 93.7387
98.1345 33.826
90.6398 9.46491
25.3694 87.4114
37.704 65.6349
84.3835 74.6661
29.6973 55.6584
22.6218 8.5972
33.5718 81.1977
38.7453 34.0157
85.0722 84.9366
-1.8758 44.3163
7.1674 51.4559
6.99416 82.6704
104.793 90.6746
83.8591 68.2755
0.797784 37.9507
32.8853 67.3963
16.792 17.2434
5.80664 22.6213
24.8537 97.3807
29.4362 53.4141
83.3454 33.0087
32.3909 48.3489
14.3969 81.1131
47.0359 31.3712
26.9293 -3.73402
108.543 8.81315
48.5218 35.0324
85.2802 50.0796
88.4469 55.3576
2.81139 31.7638
66.8951 32.177
46.17 19.7242
31.0536 74.7511
47.1442 39.0956
24.1383 46.9041
81.6494 74.274
44.3807 79.8044
48.7497 45.5708
77.5678 4.32745
79.0962 38.3599
18.6421 78.546
56.6951 1.60405
8.08976 34.1987
30.4985 53.4378
42.5635 46.1466
23.3727 18.9008
66.3152 21.3708
16.5618 3.12514
23.1146 92.3027
45.3804 51.7307
5.8531 87.508
60.5915 12.2259
-6.60064 26.8487
34.9472 95.0297
40.9906 54.7865
89.8144 99.9741
27.9839 49.8845
58.5422 12.8091
64.9251 21.7364
50.0538 29.8311
25.1975 95.8755
30.8997 36.9845
12.4227 88.0724
89.1381 21.9687
80.6946 29.5408
66.7549 10.8403
72.1414 33.8132
12.1143 61.1337
6.99264 37.9254
52.3581 60.952
42.0585 32.6482
55.9374 17.8465
68.1915 27.0308
33.3716 67.7864
1.74055 62.9208
43.1164 73.3304
50.1325 59.2883
105.119 34.4139
65.5017 30.2871
66.044 13.0076
16.4971 37.2845
33.1417 45.6936
10.971 35.1513
28.4203 104.196
60.8042 64.6341
47.6599 98.503
-1.06325 102.623
82.8566 32.1824
63.0574 19.3754
58.1489 2.61701
58.0729 64.1617
56.0506 24.9867
102.508 30.9135
33.07 53.9509
5.73975 70.4581
65.147 6.57303
45.4318 74.7536
49.7342 86.3599
69.0159 51.0195
24.909 92.9558
36.1303 74.7683
88.9739 7.84007
32.1099 68.6338
12.0855 27.4207
64.1381 15.9324
13.9393 44.3112
57.4505 59.6914
28.1745 58.0945
20.6858 65.481
28.2817 26.7784
44.9974 96.5843
38.5701 59.7364
39.745 79.2831
23.444 30.4783
52.2074 95.3804
70.7954 14.1134
26.0595 2.63356
74.7432 57.6155
66.8548 19.8296
18.4057 95.5994
9.74465 81.5613
6.83483 38.2116
21.5013 21.8764
32.394 96.2977
86.19 7.83699
13.4733 86.7417
90.4518 15.0611
12.0375 20.746
86.7294 32.8366
-2.71439 40.7416
89.1503 92.2013
52.0784 6.01812
35.2633 61.0502
46.5342 45.2846
23.5445 99.3738
71.9793 20.0517
86.3615 9.73392
12.8939 22.7291
41.247 18.9233
8.24643 97.9987
10.6164 95.0714
79.3738 58.162
6.76167 19.3415
59.3613 82.09
48.2963 100.496
12.4801 20.6312
44.4625 75.636
69.4537 79.1663
-2.52677 82.9981
26.4928 63.7468
7.08663 100.562
71.4252 99.9357
38.9086 26.5956
53.9903 26.8467
68.9962 35.5852
61.1283 66.7645
46.6056 68.2972
50.6311 9.7822
51.3346 94.1452
71.5084 31.6192
19.3276 90.7257
39.554 50.4156
76.1949 78.5692
63.9166 43.7911
11.023 82.2331
8.41196 80.4838
83.9144 28.5391
78.5541 98.5729
89.3071 6.2737
97.387 53.9614
40.6481 23.2283
79.377 89.1211
75.2624 95.1504
65.186 11.869
44.29 30.5229
52.759 1.08178
6.01006 81.4412
69.8656 16.1629
14.1515 80.2004
13.0698 81.3002
50.2359 99.8498
68.0598 19.3656
91.8875 48.749
94.8665 34.3287
10.2693 86.8662
29.4776 63.8588
92.4932 34.2063
-0.235042 9.35972
18.1018 78.8241
65.9013 14.2429
58.061 81.4594
45.8376 38.4667
22.6774 4.4974
61.1292 20.22
61.0123 29.7381
65.5293 -9.39124
44.9726 34.4491
17.9963 88.7111
14.64 6.74478
78.9092 91.5987
13.3591 90.4123
0.738503 45.7947
8.60414 35.3066
43.2504 7.17851
92.0685 96.3091
9.94881 108.226
46.5365 86.18
26.079 38.9411
99.7658 90.2357
80.5298 18.5426
21.2514 31.1906
66.1657 62.5985
9.55457 15.3924
87.5444 52.682
3.37355 72.6761
23.8888 69.0808
4.45584 2.146
40.522 23.5033
89.0055 92.7286
3.64543 10.1763
50.3018 55.8101
8.93716 39.3639
87.9047 92.0014
66.6506 4.63894
28.8894 92.681
28.3724 16.1486
42.8983 76.89
46.1502 48.6382
51.4 41.7718
81.509 92.7388
12.6008 95.2403
13.5828 31.8928
55.7378 12.9817
44.349 97.6575
71.2816 36.6068
60.7197 97.5516
59.5394 70.4301
85.9119 40.5139
95.9227 26.562
71.5325 28.9648
5.86774 83.4973
96.3922 94.2696
80.9456 57.8415
51.5417 9.27931
80.4705 91.9394
63.7248 99.2033
56.653 75.9702
25.5586 66.851
89.8646 101.239
-1.18688 38.099
90.5443 55.698
80.3399 2.59461
42.6583 71.149
37.675 26.8603
85.5136 16.7712
85.2271 70.002
85.3966 11.9424
62.8225 56.8829
28.608 47.5978
10.762 16.3076
103.029 23.8155
36.0518 59.0198
46.9489 75.1219
102.132 58.8588
31.8095 62.3079
58.3808 11.2649
53.3887 60.0859
22.8164 81.3781
42.7666 57.503
18.1535 53.635
72.8157 14.0389
47.9798 47.2189
96.6392 88.6398
21.4357 8.85115
8.2084 49.3176
0.314148 48.5038
65.0624 88.1696
82.3691 39.521
66.0929 69.3142
11.5051 50.4443
29.948 40.4697
15.495 92.3575
16.4051 58.3905
42.4123 15.9021
97.7857 67.0784
4.70213 54.4822
51.1497 83.3951
94.8058 95.9921
42.3623 34.0753
39.683 8.40906
92.4241 48.6075
11.8822 80.285
9.15825 44.3591
81.8578 61.6129
72.2162 70.4585
16.4448 40.7524
45.5494 48.8086
24.0732 90.4223
72.7568 96.7334
35.1779 62.452
65.3174 20.4519
34.4316 60.3219
101.67 57.5605
61.7452 72.2754
36.1161 63.8005
9.2152 38.8095
14.996 30.5785
64.6454 89.3047
57.3331 69.58
19.0961 71.5057
75.6076 2.55975
9.2655 84.0021
88.5655 46.777
13.3812 52.028
72.8329 0.418891
4.81249 43.2979
51.0062 -2.4601
18.5644 4.16864
37.4096 76.2489
24.1062 42.1251
80.5796 31.9756
80.3068 36.6994
43.1751 89.6738
47.6116 102.209
23.0337 4.89208
34.8869 50.2334
92.6415 16.5926
7.55181 102.372
93.4462 25.6136
9.50636 79.4958
78.2712 31.5043
34.9358 16.4605
46.5824 38.2541
13.9475 65.6317
27.5389 95.0615
56.236 12.5611
48.363 97.6982
7.83183 17.6937
6.78946 80.2617
26.298 73.6658
5.10426 80.5334
81.0377 80.8496
8.7094 36.0967
103.352 88.7571
79.408 58.5009
31.008 77.7022
89.8305 95.3937
84.9333 83.9733
95.5779 17.7276
21.3911 41.284
60.1135 37.3999
76.0065 74.8611
102.329 76.0387
87.9124 88.9681
50.6946 38.53
91.6439 37.3662
20.8944 97.0582
62.3191 22.7364
95.6109 35.7444
34.962 27.5366
86.0958 85.9208
70.2058 61.8251
83.3451 34.6971
35.054 83.3508
47.2829 -2.43966
81.82 34.0251
84.0343 74.9055
46.4587 96.7296
42.6492 32.8536
74.1815 70.4098
85.486 43.2761
9.03002 84.1459
39.9096 85.9425
62.4614 11.8385
83.3796 0.469105
5.83092 40.5099
17.5895 5.24137
62.4502 24.3305
103.147 76.0526
36.6965 44.2856
8.26278 62.1959
85.3868 61.9817
47.5378 104.414
-0.345648 48.8181
14.8821 96.211
92.0071 43.2606
42.7993 37.9154
53.067 26.1345
89.046 16.0043
3.20732 20.387
75.4958 97.1767
4.72375 23.2721
91.4719 78.4995
79.8456 31.8958
37.4867 51.4344
53.5086 24.9168
13.6754 14.382
64.1102 65.0591
1.27803 32.9702
99.4599 95.0828
39.3502 83.4466
27.8433 46.0679
56.5128 12.6159
7.97469 29.7173
68.2396 19.9698
21.9578 0.863065
52.3376 8.10281
78.234 45.4344
2.0855 52.3924
60.179 22.3905
28.2387 66.9764
20.1424 44.3122
66.6014 3.08007
95.8787 53.3476
10.9754 84.2138
16.6356 43.0378
9.83154 66.1948
85.9415 82.5218
76.4307 80.2854
74.0358 88.3241
79.9725 6.58121
9.28645 82.2095
78.9927 76.0159
29.6344 24.5926
7.3765 102.001
54.6666 18.9493
81.4908 100.225
-1.46721 50.7902
91.0004 11.7967
31.6639 72.6531
20.5474 74.158
19.4055 12.3174
91.2605 2.74015
18.1151 51.2718
56.2967 91.5947
50.5153 36.5132
41.5291 49.9618
65.8242 39.3845
94.0938 103.344
96.4231 48.3368
1.73037 87.4323
21.5554 1.71348
68.4542 17.6595
70.4795 75.5156
8.33693 22.2007
28.8984 41.6677
67.1177 24.2376
37.3377 74.2542
10.2303 75.9566
52.4103 64.3151
33.8757 74.7122
25.7634 73.9543
95.5153 49.3106
1.29133 8.23792
65.7796 21.6332
71.3638 34.2342
53.1933 76.9268
87.5184 99.8514
89.593 69.0067
22.86 53.4692
31.7306 32.4349
19.2249 34.0592
41.5164 90.9136
12.174 74.3155
49.8916 14.2361
30.6553 57.4155
10.1561 47.1024
89.438 93.3028
79.3465 56.8515
52.2526 32.0282
56.5674 73.5596
11.088 19.7497
39.6774 55.8667
54.3256 63.0213
11.4825 101.355
23.5058 42.7928
99.766 61.6931
60.5409 63.4458
1.09081 90.4054
34.4859 101.054
50.2167 31.792
48.1712 14.0008
19.6736 0.951971
0.132453 93.0533
18.5783 94.25
34.2703 59.2997
54.3506 17.9556
15.2172 100.64
11.498 103.537
36.0624 37.2205
16.7593 46.8788
45.785 102.337
57.9629 53.7423
-0.869921 12.0538
13.4621 66.1368
96.3362 31.6913
4.18726 34.2509
71.5611 3.89817
61.1339 92.4146
38.5931 10.6975
1.82118 57.4205
27.6079 60.4085
9.17338 92.9065
67.222 17.923
7.39353 40.047
74.3363 -3.07177
51.4919 49.5432
51.8853 33.5152
92.5872 51.9399
83.951 80.0961
35.0608 52.2567
50.0749 55.6295
82.4066 92.1947
50.9956 17.5792
46.0494 38.7984
79.2135 89.7196
22.5017 3.02835
26.8039 -4.07291
78.0005 6.36143
37.1815 75.3556
16.4143 112.633
28.9192 26.478
15.0363 105.051
97.6445 14.4016
97.7481 69.9578
25.6072 5.10212
84.7821 30.2692
48.8873 11.8728
31.0736 64.5888
52.3441 -13.8067
77.8377 80.386
64.5751 27.3353
44.4689 31.1178
21.3376 88.3977
29.4683 62.3523
14.9747 86.9741
78.21 41.35
78.8483 41.4109
76.4876 1.90261
7.33721 47.3236
44.969 71.0192
100.47 2.8022
22.294 15.8115
5.00275 44.6536
68.3315 98.9399
60.8897 62.1771
54.7785 23.5806
61.5115 88.4274
49.6234 24.6501
54.8329 77.4714
55.3227 27.7478
56.3453 71.1598
66.8862 21.114
82.1632 93.7349
7.43938 91.2863
25.7185 28.1532
31.5568 93.8715
79.1937 77.0101
77.2671 29.2242
77.9236 74.9859
95.188 98.1684
59.2614 86.0091
43.1672 93.5449
61.9967 35.6326
85.4912 31.6452
7.55816 54.6362
79.5573 54.9655
89.9562 96.9807
5.11572 54.8376
50.022 66.299
28.7634 75.796
52.0764 64.4999
31.5066 71.7511
91.2976 70.6483
95.0469 87.6996
83.3837 72.7547
23.2402 39.0334
21.794 12.6028
51.4773 77.424
29.6109 72.6994
43.2183 71.0458
80.7028 61.988
87.6013 90.5159
69.8588 27.9569
23.2437 95.7453
8.27828 84.72
65.9185 69.2383
64.8039 8.72123
28.8608 66.9946
81.3634 44.4944
98.0057 20.402
9.75939 94.7719
49.4045 90.9296
91.8336 15.437
68.609 80.9375
73.3612 52.5409
4.93076 45.9371
85.2178 28.5954
8.41388 27.4436
63.7335 18.3434
60.8162 11.8939
24.8799 4.12115
97.9403 60.406
7.18783 22.6469
74.956 85.6662
65.8465 71.6138
66.972 15.1481
97.7531 83.5041
38.1523 1.0163
3.81139 93.8879
62.4154 85.1827
78.9764 61.3348
69.6775 92.5558
66.3613 32.3355
49.2843 84.1638
78.5428 88.0367
23.2182 42.9609
80.9324 13.6197
42.952 45.794
67.2939 23.8623
8.44452 80.4597
9.76757 38.0144
8.94708 82.7906
75.7428 16.1258
66.5087 16.2109
83.7997 86.772
75.4002 70.1764
6.77425 17.135
50.3994 78.1426
16.0848 44.0966
0.187725 82.3161
33.3952 62.716
91.1206 50.0578
51.7911 31.8165
17.8069 91.3566
72.0548 99.0593
6.30237 5.84209
49.4148 56.5284
42.808 100.132
74.9484 7.32239
17.2988 50.8495
96.9691 11.159
88.0103 43.3565
14.4308 70.6304
86.3173 84.0193
100.429 20.1986
4.78195 51.5433
78.7986 24.197
46.3922 94.6219
29.026 48.206
29.95 56.5381
26.1695 36.6419
54.6538 17.4531
10.8569 33.154
27.0737 68.151
32.7406 27.6686
28.1929 74.9877
51.0691 18.2196
73.0247 105.449
6.90605 44.8845
30.7767 70.8497
79.6093 74.086
12.5608 85.5104
90.379 85.4673
5.70405 19.965
-6.90396 37.5267
6.62418 12.012
55.8522 64.9572
75.8151 44.7569
97.458 21.2895
22.7518 51.1292
22.6685 37.2259
8.0439 41.9137
37.6742 31.3334
15.7167 88.8945
100.195 73.626
25.8513 71.0307
18.0493 79.2964
51.1622 41.957
65.4277 14.6069
40.4987 48.8964
22.858 5.95006
38.5121 34.9375
54.8396 22.5468
101.483 59.4603
29.709 101.476
22.4273 67.2986
75.4313 83.558
7.18205 99.1148
93.2623 39.523
28.786 29.5606
19.0026 90.044
80.6904 96.8634
85.8689 35.0584
61.5062 98.051
63.1439 2.25964
63.9867 25.0913
71.6039 21.9116
51.4121 59.2498
47.4916 75.4163
37.8359 58.805
89.5157 15.2361
39.116 78.0131
21.3279 27.8196
9.34755 91.3641
60.3661 95.5551
65.1832 108.385
76.5111 80.3358
25.4584 2.84273
82.2534 36.0642
16.1181 71.457
55.5669 84.1642
0.0541131 89.5885
86.9597 81.3865
66.5235 103.798
26.5544 52.9012
-1.10693 41.2226
26.1286 66.2561
11.7678 78.2044
53.3985 74.9378
64.1709 12.8522
62.6708 7.92372
35.0856 95.9333
71.4722 6.70387
3.18615 18.1132
34.8747 30.892
63.1405 93.2984
80.6076 43.6196
59.4567 2.24591
13.7334 2.06498
24.9136 99.7285
84.3564 42.4764
-0.648673 43.5862
13.4288 100.983
11.0147 35.9586
2.06675 41.6697
70.8521 82.8673
69.2156 69.3584
-1.81083 61.6581
51.2874 86.7141
50.9897 49.2951
71.0937 4.24677
32.4347 28.2466
47.0238 85.5467
78.2273 37.4246
18.5006 66.8725
19.2075 92.359
96.9574 9.7286
8.24013 45.9185
24.0236 72.2942
85.4264 81.4399
28.8723 75.5157
48.7204 26.9393
51.0252 102.461
71.4897 63.9035
88.4503 47.6861
0.66392 59.8482
72.3525 71.2994
21.8083 22.7302
65.1313 18.1456
20.0633 39.8123
84.2623 89.622
93.868 59.6545
43.2975 42.597
86.8851 84.7238
51.9661 80.7216
53.01 8.37804
54.3718 19.1659
98.9898 89.0408
22.049 95.8564
28.5659 60.8927
59.9999 1.87118
5.64245 50.3056
16.2097 80.4467
37.0611 96.7754
7.44391 42.7889
12.2021 54.3705
72.9037 37.8801
30.9033 65.3788
57.8488 78.1278
22.4654 96.2559
7.50149 77.2841
22.617 92.7085
67.6652 11.1976
75.2895 41.126
19.404 111.695
65.9316 94.6613
30.8661 56.5602
77.1697 0.459269
32.2994 37.1941
26.5098 34.2028
9.25541 55.2804
-0.288206 6.67978
0.122202 49.1425
59.2966 67.1928
13.4258 6.98489
30.4843 58.8701
21.7915 91.8414
11.5541 106.99
35.1514 79.4864
11.5388 94.5022
0.0919863 3.63705
52.5506 99.8379
94.5846 86.9558
46.1582 70.7342
11.2989 90.6264
65.9333 16.2365
92.9075 40.5309
9.17239 104.711
98.8692 27.3358
44.0387 1.70237
96.13 91.6129
51.7298 42.1435
37.3695 84.7517
95.3946 22.475
40.563 95.0863
36.5759 31.1574
48.1435 70.8014
18.8798 38.8428
53.9966 49.9083
97.9897 85.4868
35.5855 72.2714
30.1017 100.984
60.5045 11.0591
55.9053 22.449
5.17085 25.0137
32.5083 72.4608
50.163 28.5422
87.8271 19.4922
54.2319 80.8655
26.5675 51.0899
93.3095 56.6546
72.1038 7.72007
85.6133 11.469
64.4988 20.3575
68.1198 2.00787
76.1818 9.51278
21.0493 49.9819
9.63409 11.3971
97.3123 40.4206
98.4929 85.6796
87.7783 47.5417
48.7325 34.5765
30.7976 57.6261
6.34128 57.7146
38.4148 100.627
41.9311 46.1468
26.1467 71.8911
51.7868 46.492
90.7925 29.4226
93.7894 50.9719
90.253 107.129
54.3894 43.2088
27.5029 62.1118
49.8826 28.0045
33.3628 60.5971
62.2332 18.431
93.2245 1.19404
74.1682 64.8496
80.27 54.1214
71.9152 46.1032
27.5373 66.1146
-0.115655 68.3856
1.45783 64.469
65.8573 22.4885
16.6729 98.8104
55.978 17.9595
4.18148 48.7921
62.662 19.9684
75.1227 76.2774
53.6237 36.5121
9.37009 71.9845
7.43763 32.1864
96.0677 10.5599
50.0101 31.0757
91.9752 14.139
97.0634 39.4628
98.1252 10.7458
29.2364 3.19722
19.044 101.436
56.3389 13.1324
36.0743 77.9186
60.6412 75.8821
51.7887 36.845
13.0718 71.0899
3.78082 52.9932
11.2195 72.5786
89.7151 49.7573
52.5514 69.703
59.2411 10.2627
75.3114 67.5706
4.03359 82.4056
6.30922 47.3564
28.4492 55.0239
53.3093 7.83702
36.2249 83.2001
32.8299 14.3581
58.0031 67.6674
95.6849 39.726
54.7267 69.1962
16.4805 73.9016
86.7969 69.3231
105.015 46.1527
66.4891 98.4855
40.9685 45.8249
25.6395 12.2737
88.8403 53.3662
104.567 10.9449
10.8927 2.71499
34.3689 53.0209
78.3244 79.3764
47.3894 39.7641
61.3197 6.89643
72.7601 27.2686
55.4027 90.2433
12.6172 71.8061
72.3041 6.62445
1.93214 50.5255
96.3917 80.7592
15.7655 96.6379
1.75726 19.4087
29.9354 77.6135
-6.16386 46.7786
86.0676 19.4716
52.8442 8.81681
73.0279 69.2105
47.8585 20.0028
65.5567 11.87
95.2085 66.1484
29.727 84.8831
20.2153 100.441
8.10464 40.1527
4.10434 69.4453
70.9653 1.97775
36.6527 94.4745
56.8882 14.9254
94.144 22.5199
56.4499 51.7555
81.4686 44.6476
24.3567 13.3035
76.6665 91.9225
43.5046 26.1322
93.9176 80.2805
91.3923 26.4328
80.5021 82.1322
-1.07229 48.2223
9.46053 80.0469
3.52268 92.5837
62.2387 26.7903
86.9495 90.3989
0.962606 52.7668
42.3145 47.9973
16.41 17.5865
89.7554 95.5586
34.4592 7.20982
54.4548 60.8829
31.3214 66.0923
5.00932 85.3535
58.492 39.829
32.6542 47.5565
43.2566 12.8703
50.7422 34.3882
59.5352 73.6126
8.77775 67.7006
10.6244 54.8879
50.683 32.2446
45.1039 34.7998
22.3523 4.95875
65.4722 15.7012
49.7212 41.6339
9.20714 86.0938
67.833 24.9826
38.2811 60.2987
49.5357 98.6595
39.4833 5.24712
22.6521 94.1786
18.9235 86.4205
74.9901 31.9181
77.5531 89.298
66.7008 25.978
70.0107 9.14329
88.4531 34.5687
48.424 9.01292
46.5495 29.4985
72.057 64.4294
7.50967 18.0436
72.5541 64.9636
78.156 6.26004
58.6015 90.2146
8.68373 81.5497
51.5147 6.79292
74.729 25.0628
21.6918 61.4464
101.861 87.7075
88.2957 98.2502
29.8297 39.8237
41.2597 2.31307
63.559 17.9994
2.45541 64.2206
69.2459 32.6298
24.1494 -0.724315
17.2687 96.192
45.9931 34.3243
30.5635 92.8245
100.144 14.446
87.4237 43.4454
92.8425 11.9927
17.993 46.2056
96.1322 27.8861
70.7648 66.6671
1.34769 18.0784
31.8983 61.9032
7.35989 29.7807
18.1321 77.4883
11.8046 88.6391
59.4004 19.8197
90.6506 47.1691
58.3232 45.3527
4.68008 78.5787
17.3566 5.04692
99.6306 65.1554
37.5218 78.8419
31.0187 96.8718
6.15669 60.8043
28.9415 57.238
59.7362 48.6891
7.93911 49.8748
81.9124 66.5952
-1.90806 30.5206
29.2305 0.904418
11.0212 35.0933
37.9421 90.2391
72.3342 65.6157
105.177 5.25584
2.56286 41.6156
60.9543 11.6378
34.9043 49.9326
55.3474 53.356
39.1305 56.8848
27.1336 21.3729
98.9864 20.392
28.4707 71.273
57.2866 7.62187
51.2607 14.5188
59.9028 70.8376
71.26 4.23993
20.7742 0.0461069
23.1525 25.6208
69.2794 30.4751
94.8568 25.7883
23.7945 80.5821
39.9406 43.8402
96.6244 19.3457
16.5489 113.57
89.4903 46.8482
47.5175 73.8794
32.1673 50.4763
46.697 74.7394
40.9515 93.6193
40.9366 32.1129
98.3907 63.6155
81.996 45.7203
94.4536 98.2071
35.031 50.7416
100.44 62.5581
40.5524 50.872
13.2338 53.6205
92.1275 65.061
79.7285 38.6465
8.68545 85.6021
70.8108 35.7554
53.7996 31.3923
21.6419 89.3829
66.9353 16.5366
103.514 64.723
69.5629 19.8299
32.4188 30.348
56.648 18.0573
28.1845 36.9567
-2.07528 89.2543
9.09942 61.0628
15.6857 94.868
17.0857 46.1442
10.9108 87.252
6.02471 80.8406
87.9279 54.2277
67.0174 70.8256
97.5441 88.0648
5.94868 19.9706
11.1454 83.7918
21.7084 6.09877
102.532 31.5097
94.7953 88.0061
16.776 27.0438
29.7303 42.317
83.5363 69.427
59.7401 79.3112
30.8192 53.5826
95.4788 85.4113
57.7626 10.4317
55.6455 66.1758
34.6431 48.6382
72.3705 14.1076
8.66502 78.0138
99.8003 57.7416
33.5715 41.3747
2.5467 106.472
10.3138 61.9309
79.1372 20.2597
32.112 20.944
39.1484 13.1086
51.7668 90.3562
77.5069 3.71314
67.4803 98.3131
56.8791 4.07231
39.1397 51.8287
64.355 18.056
16.8547 98.8425
19.3582 95.2388
11.3382 17.9677
35.9063 48.4414
56.3919 40.108
53.1494 52.779
64.9856 61.4813
19.4563 95.0085
101.62 83.7437
98.6981 28.2453
23.2571 87.8225
36.2731 60.3371
27.8002 19.1457
59.3437 8.28062
14.6416 34.9885
33.4846 29.7826
43.7318 -2.17769
36.5151 88.8586
58.6102 91.833
27.4512 18.9926
44.6839 14.2504
2.14552 3.4603
15.5193 94.075
47.3053 2.38667
56.1273 20.5039
69.7106 31.2973
16.3522 90.5869
4.90635 49.9781
102.896 5.43825
51.5201 10.7912
8.55405 80.1396
98.9081 69.8747
109.191 60.8931
1.82614 48.6369
36.1157 3.26978
55.7139 16.9439
41.4278 8.17787
50.6813 15.7633
31.2779 67.0916
58.451 11.2562
7.1561 83.0051
86.5465 85.4492
38.4995 57.0147
64.3966 88.3662
64.0375 7.40648
62.6507 17.6837
98.8384 8.64503
87.1462 51.3241
13.8956 59.1643
75.5831 93.4283
32.3089 54.4634
23.5442 73.755
73.6086 21.9166
81.7101 56.7171
74.5836 63.3357
46.1009 33.5578
68.4733 74.4552
71.5066 55.6263
4.65923 14.7186
20.341 56.4381
94.0856 38.628
79.4073 10.4999
11.9492 85.8914
59.0712 91.8531
29.1693 62.0279
92.4324 88.5793
66.9929 21.4723
102.514 37.6278
8.78554 77.5519
0.743977 41.1889
27.4941 11.132
53.3651 18.8313
65.1279 24.8273
58.2947 38.6643
32.0921 33.4524
68.6584 32.8669
-1.20631 54.6134
83.7444 27.3963
79.3737 17.9655
10.4176 70.7059
30.0187 66.232
99.1689 72.5904
5.6181 46.5371
58.628 23.3344
95.1225 27.6881
7.67474 38.9052
44.3431 30.7779
44.7307 75.7718
8.22233 27.4944
-0.376161 88.346
33.0376 81.4763
27.9535 31.7678
17.7706 88.5611
-4.3995 40.7721
51.7866 13.3794
32.8573 61.0067
82.5298 73.9265
88.8523 37.7933
11.5067 91.0527
68.4881 88.768
71.7341 54.895
93.2947 23.3144
76.7131 77.2052
24.7322 56.4113
45.3771 56.8967
66.3649 19.0392
72.6598 104.215
64.274 39.4077
58.0753 60.0398
37.7952 27.8656
60.0333 20.873
34.8711 27.8517
77.8559 76.6152
38.2339 31.6446
31.0419 51.9461
97.7248 81.4086
32.7506 77.4486
66.7136 21.5899
43.5369 31.0746
1.69111 42.793
96.3164 19.3806
-0.733349 44.7608
98.4076 6.48579
5.94286 62.6362
87.4626 5.33613
12.8246 57.2762
45.3751 9.72958
2.15371 16.8202
83.7382 89.3326
84.6849 76.8452
18.8543 26.3051
59.925 15.4421
6.44911 16.5146
90.4925 76.7268
34.7422 35.9295
35.2961 94.648
31.4141 99.9635
9.46953 20.5888
79.3466 5.35178
78.9775 26.9604
51.5385 13.1313
91.9378 24.7177
10.0678 56.0641
25.7905 43.1846
17.6705 66.6479
51.1479 104.206
75.5303 36.4007
58.221 13.0108
26.6802 81.461
3.2586 6.91825
5.19105 52.181
68.9983 27.6737
27.7007 0.911261
7.82386 33.076
6.31168 41.6256
6.49332 87.1046
88.8208 28.5805
69.8982 20.987
60.5334 63.0221
45.0621 11.4896
70.6485 94.8494
55.8558 72.3629
1.597 99.5036
37.6416 50.8893
60.5889 69.2708
43.4449 14.9039
54.6838 19.1306
10.2422 35.3002
15.4061 65.3476
28.9247 34.94
42.2829 48.2267
14.2399 86.4863
82.7782 30.8592
60.4426 29.4227
42.0702 60.5166
29.3528 63.1714
55.9468 47.015
21.4387 56.4005
87.5425 71.3739
94.8546 43.5574
53.2937 56.5977
81.4017 109.72
33.0474 59.7641
7.88478 80.4678
42.4152 47.2014
82.8393 100.688
45.5272 36.6536
42.0666 97.8817
24.1611 49.3575
50.5243 100.959
100.146 25.2854
61.7298 65.0147
84.652 6.01078
87.0884 91.469
30.5221 85.4315
65.8121 97.0773
25.2373 73.6304
96.4002 59.0535
36.7014 102.538
64.2811 7.12204
11.3534 107.594
62.3322 29.1314
78.9909 48.4045
10.1503 106.666
48.1904 56.0298
37.0967 91.8861
6.2826 44.3597
11.2086 78.311
19.6227 81.5476
20.1228 86.0007
26.2816 78.3592
10.155 17.5464
60.5736 45.8503
32.0256 64.3639
50.9004 69.0853
-2.35628 39.8006
18.0352 50.574
47.7948 32.9643
87.3407 90.2101
5.3184 51.3378
15.1603 91.4412
12.2696 65.35
103.929 80.9341
34.8815 60.6342
19.5151 34.6701
11.7951 81.9947
-7.58658 52.2918
1.06007 106.161
33.0155 31.9308
17.3674 93.9161
100.155 45.2043
1.34362 68.4208
1.17671 78.6618
95.4083 54.4362
67.0305 94.9555
106.52 70.3858
42.3138 12.6072
82.9506 86.5275
54.1838 16.3896
57.0809 65.4305
8.57131 85.8378
66.1216 37.5161
48.9848 62.1627
38.9047 55.3344
53.927 6.44364
84.6962 45.3567
18.3249 1.86282
30.4087 10.2303
67.6378 29.9692
43.9035 31.5546
69.0314 38.2165
30.3699 39.4078
33.5293 43.8594
61.6637 70.8431
16.1716 68.2365
83.5701 98.3781
58.2114 72.4874
28.0331 10.9456
7.10891 41.9806
16.812 1.49443
58.3515 91.2876
54.9107 85.626
74.2993 9.92011
78.74 31.4539
44.3984 59.8731
75.8582 76.4723
96.5497 86.1182
13.5322 108.497
52.4144 98.3606
70.5811 95.7523
34.4255 59.641
53.8848 30.6985
54.4444 38.1916
85.6509 47.5613
19.2317 55.7562
29.1408 11.4304
39.0613 94.7549
100.069 64.0596
69.454 97.8572
11.5416 20.8933
73.7182 61.0629
80.7428 46.5034
49.4699 29.373
43.1693 73.5962
85.6919 80.1572
69.0894 6.22179
98.9179 7.53407
56.1534 73.8822
73.4961 23.7603
10.2651 41.2186
32.709 57.16
59.7979 71.8811
52.0549 43.5995
105.042 28.0588
16.5081 76.8419
6.54822 49.368
22.6594 42.3847
-5.14643 34.2377
10.4803 80.1044
43.1021 72.3041
83.8685 23.8196
39.1928 49.2034
10.0895 75.2929
39.0652 10.5573
12.6698 67.7818
90.2987 94.2708
24.8557 26.3951
60.0175 12.691
59.6265 87.9185
101.315 83.8874
15.0108 9.83826
5.80679 31.8485
11.8664 97.0782
20.6043 91.0438
79.9441 80.7444
43.3837 77.2499
47.2235 55.6943
7.85165 8.55172
90.0536 46.1459
40.2031 33.3085
85.5953 45.6659
94.5675 59.3974
36.0401 82.1246
93.3825 60.8303
40.7119 46.2891
72.1449 99.5162
8.04241 26.8338
71.8338 10.1231
34.3021 33.7819
97.2053 83.6748
63.0311 1.10192
19.7098 43.9408
22.1684 61.9611
95.9885 67.5297
98.1618 7.7245
14.005 6.38149
37.849 31.0735
77.429 78.4647
85.6178 42.8039
96.594 63.7392
30.8316 32.2292
80.1273 79.6945
47.9315 1.0354
5.6072 51.8771
13.5918 24.2482
66.2261 51.6719
62.7733 91.8322
64.085 65.7292
87.6087 62.0065
67.5686 69.1664
51.3237 34.4431
66.2453 97.8276
93.3349 77.0292
83.5982 81.4065
4.19722 81.4741
5.50256 15.7162
60.2006 65.108
25.6348 75.6767
2.58804 43.0096
81.3263 26.0949
66.1727 59.6549
0.984674 11.6578
52.3903 33.5403
37.3356 69.7546
13.276 24.3969
49.5298 6.53561
3.56506 84.032
31.9769 59.3117
23.342 17.0333
0.251663 10.578
14.8959 93.8077
95.4851 13.9267
58.3888 16.4582
17.9795 7.42423
5.51805 20.5489
55.8883 4.99526
18.6917 62.2608
45.151 77.2087
88.3314 41.3974
2.71492 51.9355
57.3999 67.7571
80.369 8.16962
21.056 92.9141
52.5367 41.7214
47.1227 62.3892
56.7065 68.3207
-3.23975 84.9467
64.8247 -9.46492
43.181 64.6201
97.6604 84.3692
7.37624 89.376
14.8897 19.637
7.63114 60.9377
52.1261 47.1596
96.734 69.0729
28.4631 44.398
58.7155 87.4965
44.4131 -7.23376
25.4411 41.8757
70.6854 70.0207
94.1089 59.7719
32.1778 56.6118
6.04673 72.0168
106.526 56.2478
59.2127 11.1084
66.7263 71.0824
61.0051 13.5786
77.5746 60.9512
6.71231 52.6247
23.0397 8.60064
97.2792 68.783
31.4399 27.3739
57.2148 70.5979
26.796 89.8864
2.81147 83.9477
99.3563 64.3645
57.8309 68.9669
4.88014 31.77
2.47412 95.4385
5.12579 11.2581
2.98185 18.4659
35.1707 32.7074
48.7743 76.0536
25.8469 47.5836
86.1438 69.5454
87.1389 30.9926
6.93066 88.1826
21.0599 50.287
78.7348 58.563
34.6803 29.3979
99.5421 27.1774
93.739 17.6682
63.3193 51.3297
85.9085 29.1983
62.2811 10.7924
36.1892 96.9391
66.7498 22.2725
33.1987 65.3017
82.0359 15.1976
8.50092 36.6212
51.2361 82.4765
69.5159 14.0375
15.6572 81.7037
26.2846 48.5027
69.8474 7.57978
80.6951 46.8826
27.461 39.9093
10.3772 90.7762
82.8152 86.2729
9.18924 31.9715
81.0829 38.8045
89.0258 32.2498
19.8317 -0.153666
14.6768 80.4154
89.9078 79.8119
18.2123 48.2914
10.9897 38.5284
32.7524 62.9889
71.3478 4.4398
37.5305 51.8821
17.4688 38.4187
42.4716 10.0715
53.1891 5.30349
41.458 3.90128
79.41 11.154
54.6739 15.9332
95.5118 84.391
30.3395 66.11
13.0154 78.4487
74.5307 19.6529
56.3947 82.6949
67.1362 19.4646
95.0147 12.8979
58.0498 14.5581
24.4672 43.2235
11.8115 71.9187
15.7955 86.712
9.05589 88.2196
11.1285 44.995
50.6479 87.0218
72.5916 12.3881
25.2546 32.0958
33.4706 61.8607
23.8474 7.92541
40.1955 75.0524
49.8063 18.9201
78.4673 78.3754
57.8076 16.8101
21.5172 47.2745
52.1951 8.26418
25.0635 1.43563
37.3104 84.7266
61.2248 93.162
11.8521 94.0504
5.88471 83.9807
11.7982 109.313
32.5218 69.0658
10.004 13.855
70.0848 40.9119
40.0184 50.3208
85.2381 48.1032
6.1411 57.3322
51.0028 60.2662
26.312 69.7425
73.9875 50.6097
85.8033 89.2833
18.6698 15.7725
27.3346 50.5379
108.869 37.7645
70.8004 31.7203
48.4479 35.984
76.749 69.0861
38.041 10.9456
56.3577 32.5678
63.7102 72.622
62.3585 98.9171
65.0469 97.309
25.7105 14.4098
72.5732 36.8021
88.7862 89.4374
68.5039 10.1353
94.84 52.0338
38.7396 13.1484
33.4671 100.069
40.6019 31.4596
24.935 16.1249
66.8866 55.8291
55.6357 88.6174
50.6339 62.3859
88.0294 45.2136
44.0181 2.01772
43.5608 11.3537
76.7782 14.1943
81.541 74.1896
50.8032 62.6161
57.4695 2.09552
40.7342 25.3975
55.596 31.6539
98.583 97.8289
71.7737 -0.290139
58.6684 31.6656
63.5538 30.3362
70.1644 48.1191
69.349 31.763
59.4727 14.5225
68.6852 7.94233
71.8993 80.039
68.8573 -0.970366
68.9687 52.829
4.50998 8.25378
102.97 2.68707
15.2005 39.9913
98.3053 65.323
72.4305 8.51616
94.7615 65.2578
59.6126 89.1471
38.1102 35.9847
17.7912 47.2565
70.6672 38.6732
10.4027 61.0254
73.5225 94.912
94.5264 47.9641
25.6858 50.9697
25.0232 99.5125
21.5634 40.5168
90.6606 8.65937
65.6536 96.97
53.3908 102.323
36.929 47.7936
19.1261 53.2709
51.5085 55.4926
84.5759 44.1776
32.3029 29.6574
20.4338 84.9291
96.3416 70.1071
53.9124 15.6053
13.1183 87.8464
17.698 14.3571
78.9548 -1.97383
81.1999 11.8643
25.1125 59.1247
61.1383 69.0496
69.4188 -9.8895
56.3623 11.2332
31.6975 63.4983
54.7316 70.4726
80.2978 89.4872
29.9335 96.5335
57.6747 20.0645
76.505 2.40912
51.2443 31.9283
21.5753 15.1243
68.5201 21.332
96.5007 88.6386
16.582 40.4254
34.7695 55.3715
105.171 82.363
11.5251 95.777
80.5391 76.194
26.4596 52.9096
87.2334 1.20313
60.512 8.74433
28.4012 75.1946
32.8534 51.5455
76.1179 69.9446
87.2667 73.0108
52.4291 89.6306
87.3158 89.9467
5.81371 40.9176
101.178 66.9115
6.26348 67.2749
48.7233 17.2348
67.1557 27.6824
78.9502 29.5699
71.3343 33.7021
51.5025 38.2806
36.8641 31.0483
19.2365 12.708
75.8686 74.5339
27.8718 62.9828
11.1274 7.69435
94.0966 3.66328
77.7521 75.3883
88.3393 75.1369
21.5532 78.7181
48.5268 76.2712
55.8566 21.301
33.8556 86.4557
88.0564 48.9529
83.727 84.1972
15.4728 11.783
10.9605 67.1712
42.4983 77.9228
17.9021 32.8245
92.138 30.8847
62.2709 65.0014
62.887 12.5643
24.9814 52.1522
51.8088 101.497
4.47468 92.5372
41.9218 29.7849
6.0595 88.2419
87.6414 17.2688
90.6707 38.9113
87.888 22.7401
13.393 53.0141
81.6301 51.2601
32.1925 62.3123
31.831 73.5894
10.3076 25.1031
80.6932 50.9023
80.7078 88.8984
28.0396 40.968
47.3528 36.248
71.1174 93.7612
40.4609 26.4871
27.2052 52.2892
24.2659 9.25651
99.6734 76.9168
35.9439 56.0781
92.8135 88.8864
21.8164 46.6367
9.56894 31.738
36.1083 74.9717
23.9769 9.14803
66.0603 28.3818
59.3423 42.0896
11.6736 88.1087
100.154 66.7849
19.5087 8.04436
99.4199 41.9289
68.448 8.20395
79.7449 86.6107
-0.460936 44.9579
71.4442 76.0318
92.9392 50.2667
10.1898 59.8683
64.7385 70.6045
79.331 31.9054
33.3044 63.3535
49.3765 33.0026
29.5012 14.7212
82.153 30.8472
62.3729 22.5726
91.6481 37.9006
33.3915 98.7246
34.6991 91.8995
9.81066 14.1399
69.5631 4.72068
78.9775 4.99055
79.4905 25.9292
67.0122 49.32
51.052 91.0644
68.5475 22.6088
50.005 38.1193
37.6883 46.5825
95.0813 45.3175
49.0278 35.2442
38.011 61.4241
19.6852 99.0148
1.26927 49.2843
55.6293 13.2732
72.7456 97.5152
2.70343 57.3524
79.1506 4.4699
72.5967 26.006
90.3123 12.3817
30.6725 69.2745
16.468 72.6808
56.6054 7.85722
55.2475 54.416
43.369 7.2369
24.9449 27.1562
51.6465 83.2345
34.5064 70.4744
-6.29314 58.8893
76.661 25.4156
87.0072 73.2235
7.92896 105.018
47.1515 15.6103
26.2091 51.7489
109.942 74.2442
45.3794 12.3497
30.7825 19.9237
70.0509 18.2559
80.7787 33.7142
10.9033 103.055
36.3666 81.5893
29.5935 58.0566
2.4029 59.7021
73.5859 95.6102
36.8093 24.6189
48.2725 65.1412
51.8614 81.7299
35.8475 59.8231
52.4641 14.5828
94.5889 90.9273
96.7015 3.09924
99.7886 14.2847
17.5461 95.8153
54.2914 86.6002
94.44 84.9436
21.7397 55.1638
68.5758 -7.26288
1.87878 48.9644
32.6313 60.1832
102.488 13.962
78.6056 35.6146
40.0231 80.8941
92.6616 8.81716
8.61333 15.0982
13.3049 94.9758
46.913 57.0496
79.401 89.041
22.5457 19.7189
91.312 108.48
82.3187 90.3094
55.208 96.7496
88.9036 40.4279
24.0729 104.866
78.7522 24.243
9.45661 70.0397
1.30037 104.946
34.8721 71.4397
40.2139 21.8449
27.8823 76.4262
91.416 84.7187
5.57636 85.7552
26.9039 79.9369
94.4077 6.62126
42.1462 72.0774
71.5872 72.3575
85.3969 15.2268
19.345 88.8282
9.27216 79.8282
97.5377 30.3011
15.0146 45.6468
45.1983 25.963
87.1257 22.8565
50.0663 12.6489
47.2855 102.007
14.3872 18.6616
4.59576 23.6534
81.3196 79.5475
36.8649 12.9795
86.6019 46.1122
13.2348 89.5012
33.817 94.7143
60.3927 14.2895
21.6768 6.24986
39.4047 64.4048
23.5458 64.5113
45.95 70.6718
6.48445 41.1396
21.3763 96.9749
4.52222 87.3237
9.74148 80.1263
3.28479 62.9853
-3.56112 15.9224
37.0491 51.916
49.1202 10.9777
3.34733 33.748
39.5418 77.1789
47.4152 75.4396
14.9235 98.9379
53.006 84.3262
17.2643 0.632067
43.0381 69.8891
73.557 72.7322
55.7811 16.2877
97.0774 45.7807
93.0112 80.0584
34.9062 39.962
49.9286 4.47802
21.0498 71.9609
71.662 54.3987
88.6069 7.30447
67.4596 18.6939
52.8063 87.8276
74.9428 3.99182
38.4463 26.9591
5.01137 44.3403
92.0423 55.2904
66.1831 71.1065
39.7393 82.7821
71.7475 90.994
85.0296 13.7025
38.0767 51.0956
3.38895 55.3119
3.70523 9.50633
28.2977 75.9137
12.3129 43.8229
45.4384 53.7048
74.0669 11.3998
85.1211 14.3746
60.0108 52.0584
4.3361 87.0911
62.3927 14.3877
108.112 48.3277
35.3551 64.1472
59.0676 5.54642
13.1521 37.1267
60.8039 -5.00396
9.04842 35.1112
57.438 24.5819
36.0267 80.1
41.7837 0.482118
12.5217 77.8098
64.0579 68.4402
49.6965 13.036
7.29008 82.7887
4.8854 94.2519
33.5383 75.7431
95.1503 88.5876
57.7099 14.568
55.2134 43.751
36.1396 61.6568
72.2429 17.4416
87.0097 94.8174
46.7632 71.0754
70.3296 33.2281
4.35306 88.4353
22.6959 49.1909
51.6207 6.31381
26.2437 101.317
63.3936 4.43922
82.1342 29.2051
47.4116 99.5447
90.9174 109.395
21.7901 100.228
26.8615 48.4044
71.2 73.724
99.914 54.3608
79.7606 59.6829
82.3111 50.1723
39.5609 33.5363
8.89553 15.1998
106.547 41.0087
73.3625 32.0704
58.8043 73.1977
46.0183 97.289
59.9373 32.6709
27.7618 28.3392
46.8502 67.2336
92.736 39.5411
10.0413 33.3851
16.3636 44.0831
70.7755 29.6878
22.3679 10.2126
16.5266 0.450791
14.473 27.955
15.9662 82.7498
41.9119 10.0254
60.7562 72.8993
2.96424 37.9397
93.0157 8.13875
63.1626 62.7854
3.2019 58.6861
6.98571 68.4151
65.3828 22.7065
8.09864 109.641
43.8155 59.9397
60.0308 22.1253
66.3624 24.0516
29.8223 68.1034
69.8392 0.138186
37.8326 76.6339
42.7072 79.5034
69.1596 25.0648
52.9517 71.2709
90.5664 40.4405
57.594 24.9493
90.7063 43.1412
27.8358 69.621
47.9138 20.7478
92.1442 25.6966
71.9055 100.177
18.363 20.4274
34.432 33.463
82.7535 36.9572
15.8903 7.14344
22.0216 19.0382
16.5187 21.2793
55.1293 36.58
86.916 14.0544
78.8891 5.54715
63.5238 53.6389
23.4379 80.162
13.498 89.8508
51.467 30.3085
58.5392 56.9699
79.0907 48.5853
54.8644 62.953
80.4112 87.5533
-3.15451 92.0654
95.0645 0.459566
28.4134 57.9483
98.0113 25.1277
13.6602 61.6571
55.3852 60.6704
70.4157 5.66785
82.5541 78.9741
86.7013 77.2852
88.6247 49.229
6.77805 36.5067
99.4466 0.600499
59.3638 5.76065
0.754935 61.7854
97.1863 19.9544
53.267 90.4209
4.51103 78.2736
77.0569 60.0523
25.4603 41.1957
79.3876 26.8403
36.3516 93.3935
70.0167 19.687
99.1109 27.5949
69.1972 4.99426
36.7236 63.155
60.785 89.7205
0.404402 53.9822
20.079 21.5018
66.1592 13.629
47.4554 35.6636
25.4758 71.5662
41.8198 10.7775
80.0763 48.7009
17.275 5.58137
84.269 55.732
51.02 55.4915
39.0291 93.9965
5.17474 76.0418
88.0344 92.1663
73.9134 2.09393
27.8215 58.1543
83.7599 86.6844
0.955506 59.0481
84.0839 94.9972
25.9 29.6047
50.1204 25.0127
59.1475 28.5691
81.6924 33.7402
4.15695 86.4254
85.7709 72.4231
35.8104 54.9459
89.4403 7.7794
16.3478 17.1042
61.2295 15.1795
97.478 83.568
63.3308 66.7891
45.7332 98.6641
80.0095 76.3269
73.8324 59.1369
-2.52706 32.7078
51.076 96.5144
12.7546 39.308
90.2477 91.8798
87.0882 12.3834
40.2843 99.007
56.0932 28.2828
25.6582 36.1733
17.8201 7.69997
80.244 97.6965
15.0637 40.5652
89.5157 42.8208
38.0548 89.763
94.6373 71.1445
21.4205 71.7333
51.9288 7.02024
83.2157 57.146
11.7241 103.823
14.5972 87.4134
87.7445 30.0953
70.4649 70.248
39.3781 78.211
10.5789 81.6924
75.2902 68.4991
72.4347 43.4399
91.104 44.3387
103.275 62.0167
13.5548 7.10286
82.2135 94.2117
96.4587 6.46184
55.3919 17.3141
13.7913 83.3491
67.565 37.2608
44.4561 81.6275
30.9269 70.8276
75.0745 98.3298
0.472295 38.32
7.51112 60.3252
17.1824 33.379
21.8902 4.97324
35.6461 54.8752
33.2496 78.4514
38.4855 55.4971
23.9991 18.4943
2.67298 92.3991
54.4573 55.1081
18.0541 86.2971
17.3008 24.3483
85.3458 96.0785
41.1338 14.8945
100.267 73.2614
24.9836 83.5287
69.0996 33.2909
14.2669 95.0722
18.8505 51.6852
28.7548 58.7249
13.2906 77.5151
18.2218 3.48686
91.3864 99.3615
91.1486 30.5537
0.697816 20.6064
48.3131 74.0105
87.7842 98.7008
70.645 102.648
84.957 86.2858
1.12911 33.5068
73.3593 72.5888
17.0817 77.483
75.8876 58.1792
53.6547 38.3637
60.5027 17.6746
92.5961 4.49564
81.2132 71.1271
62.1722 2.19818
32.158 16.1912
29.9412 57.9807
72.8261 83.7011
12.9456 92.0443
11.5053 36.9302
42.0984 7.15986
42.7138 40.182
93.2933 82.2055
66.1376 51.901
34.6801 -0.454305
61.114 4.00543
10.8665 95.4325
5.67507 44.1995
50.599 29.9788
79.0283 57.2304
84.5036 72.6166
21.1077 55.5524
6.12623 39.7653
67.0365 91.9883
27.5385 38.2688
71.6131 9.14243
2.47366 25.6073
83.8639 81.6271
90.739 25.2119
11.3225 41.4897
25.9234 70.7502
23.9731 5.05293
13.2194 90.932
19.7035 57.9023
0.452519 95.5858
6.56797 40.5483
54.0961 66.5312
16.0266 70.2164
57.7439 50.8857
27.6266 92.8736
36.9337 30.6063
26.7889 56.8702
10.9384 81.4478
57.4496 19.2716
82.5971 91.0841
65.8738 72.1935
70.7832 79.1288
0.809485 83.5999
11.8406 102.87
-1.61208 56.8899
51.1644 58.1759
28.6495 47.8743
68.8851 69.8945
65.8273 1.06041
78.526 2.89124
75.2174 17.5367
7.83727 47.0826
11.1979 38.5642
11.5266 13.7954
41.5382 73.5494
92.398 11.637
67.3016 11.6188
72.2829 26.4175
37.4331 41.5503
6.3208 40.9077
46.8789 64.7242
93.863 99.2638
85.57 4.58112
25.4009 24.7453
4.60456 90.865
33.4895 56.9157
15.1179 34.4522
22.4061 68.0747
56.2487 57.8276
59.6508 5.03871
17.9045 89.2773
52.2995 15.5452
40.526 17.6075
0.240367 8.71326
86.8005 32.5833
36.0325 47.0997
47.6799 55.7026
100.354 55.4698
55.4883 10.8745
46.091 70.6196
37.5387 93.0836
61.0317 10.8781
6.88815 26.0873
48.7767 41.7744
53.8452 72.0268
98.2292 24.2753
107.155 47.8262
57.5152 63.5324
51.3707 52.5297
98.2404 87.4296
54.8465 33.5187
74.0176 82.2062
52.5403 3.96922
80.9574 72.1978
23.6657 98.8426
70.9832 87.2646
13.3822 84.9679
16.1794 97.917
2.54644 100.131
34.8136 11.6161
90.7214 52.6118
24.8685 1.97434
6.04062 31.6512
26.1364 49.7042
16.5106 53.0221
57.8937 84.4029
58.1656 44.8274
17.0995 69.8594
41.6589 75.2678
71.2382 69.7525
28.3077 66.6395
61.1278 76.8474
74.7997 46.6492
6.10432 38.512
57.0746 48.8219
22.8781 1.633
111.789 85.8404
30.5313 69.8753
52.5515 30.8457
82.5745 33.2738
13.4947 39.4169
94.6881 34.6198
20.811 3.7552
99.4879 64.8531
41.5899 53.9836
51.3598 96.0883
18.5155 92.9983
28.8319 100.188
109.016 87.4349
21.1491 21.3187
50.4221 7.4239
42.5306 2.51433
57.8007 21.8138
39.403 86.9105
13.1926 28.1587
11.4983 85.7586
58.8103 88.8102
35.8694 70.7115
73.9314 31.0402
44.6456 50.0769
35.8041 93.2107
37.768 97.4889
78.4152 92.3597
87.5675 28.8078
50.0383 25.3828
66.9194 20.0206
-2.24296 55.5978
51.6442 37.3624
30.1036 84.7139
90.3441 35.9299
85.466 41.9146
20.9876 52.7863
49.0705 54.8407
37.763 26.197
8.14611 30.4984
92.14 98.7388
44.3607 82.8047
47.1991 57.9927
16.3941 108.786
98.8765 15.1667
10.8335 42.0206
67.4559 81.3197
82.2607 76.6963
81.3836 17.4274
52.0497 6.62559
77.2825 78.2533
33.9342 77.0812
36.707 58.1581
68.8373 36.9333
70.4386 0.838809
22.9436 43.6159
32.6064 83.3175
27.9182 34.6664
1.47067 49.4883
46.255 34.2151
55.9746 21.325
91.2119 22.4763
78.9186 92.4227
48.9709 100.871
-8.27796 47.9997
51.2819 55.6977
66.5852 21.5966
94.1633 88.6919
12.7254 65.5052
98.9707 13.1585
94.0526 80.0911
52.231 38.2222
81.8564 92.1318
6.96568 8.69516
